AverageSpC	FracMissing
894.7927	0.0000
266.1050	0.0000
192.4737	0.0000
187.2961	0.0000
176.6842	0.0000
176.5259	0.0000
167.4211	0.0000
153.3684	0.0000
132.5181	0.0000
130.0000	0.0000
129.6842	0.0000
127.8421	0.0000
126.8947	0.0000
116.6842	0.0000
111.3158	0.0000
108.6842	0.0000
108.6842	0.0000
107.0000	0.0088
105.8421	0.0083
94.0000	0.0079
93.7895	0.0075
90.1579	0.0072
84.7895	0.0069
82.2632	0.0066
76.8947	0.0063
76.1053	0.0061
73.1158	0.0058
70.7368	0.0056
69.3684	0.0054
65.0000	0.0053
64.4737	0.0051
63.8947	0.0049
61.7368	0.0048
60.0526	0.0046
58.9474	0.0075
56.5263	0.0073
55.0526	0.0071
53.9786	0.0069
53.2105	0.0067
52.1579	0.0066
51.9779	0.0064
50.7895	0.0063
49.3684	0.0061
48.6842	0.0060
47.6316	0.0058
47.1053	0.0057
46.8421	0.0101
45.9474	0.0099
45.8421	0.0097
44.5789	0.0147
40.5263	0.0144
39.2632	0.0142
38.4737	0.0139
37.9474	0.0146
37.8421	0.0144
37.5519	0.0160
36.6316	0.0157
35.6327	0.0154
33.8642	0.0152
33.1053	0.0149
32.6316	0.0164
32.5789	0.0161
32.3381	0.0201
31.8421	0.0197
31.7368	0.0194
31.4211	0.0191
31.4211	0.0189
31.2105	0.0186
30.5789	0.0183
30.2632	0.0180
30.1053	0.0178
29.5635	0.0175
29.1579	0.0173
28.9474	0.0171
28.6316	0.0175
28.6316	0.0173
28.4737	0.0198
28.2235	0.0196
28.2105	0.0193
27.6842	0.0191
27.5789	0.0188
27.4211	0.0186
27.2632	0.0184
27.0526	0.0188
26.7894	0.0198
25.8947	0.0220
25.8947	0.0218
25.5263	0.0215
25.1053	0.0213
25.0526	0.0211
24.4522	0.0243
24.3545	0.0240
24.1053	0.0238
23.8947	0.0241
23.7895	0.0249
23.7266	0.0247
23.6842	0.0266
23.4303	0.0290
23.4211	0.0292
23.0526	0.0289
23.0526	0.0292
22.8947	0.0289
22.7895	0.0317
22.6842	0.0324
22.2632	0.0336
22.0476	0.0333
21.8947	0.0330
21.6842	0.0327
21.3684	0.0324
20.7895	0.0321
20.6842	0.0318
20.6842	0.0315
20.2632	0.0312
20.2105	0.0309
19.8421	0.0320
19.2105	0.0318
19.1579	0.0333
19.1053	0.0330
18.8421	0.0327
18.5263	0.0325
18.2632	0.0322
18.2632	0.0324
18.2632	0.0321
18.0526	0.0318
17.9474	0.0324
17.8802	0.0338
17.7895	0.0344
17.6268	0.0341
17.5789	0.0339
17.2604	0.0336
17.1004	0.0350
16.9641	0.0367
16.7368	0.0364
16.4737	0.0369
16.4211	0.0366
16.3684	0.0364
16.1053	0.0365
15.8947	0.0362
15.8947	0.0360
15.7368	0.0365
15.5881	0.0370
15.5391	0.0367
15.3684	0.0364
15.2632	0.0362
15.2105	0.0359
15.0000	0.0368
14.9474	0.0365
14.8947	0.0363
14.8947	0.0364
14.8947	0.0361
14.8519	0.0359
14.8421	0.0370
14.3849	0.0368
14.3158	0.0373
14.3158	0.0374
14.2632	0.0378
14.2105	0.0375
14.0000	0.0373
13.8947	0.0377
13.7895	0.0375
13.6292	0.0392
13.5189	0.0406
13.4737	0.0404
13.4211	0.0420
13.3684	0.0427
13.3684	0.0434
13.2105	0.0438
13.1579	0.0435
13.1559	0.0433
13.1134	0.0430
12.9474	0.0428
12.9474	0.0425
12.9474	0.0423
12.8947	0.0420
12.7893	0.0418
12.7349	0.0434
12.6316	0.0449
12.5789	0.0452
12.5263	0.0450
12.5263	0.0450
12.4278	0.0454
12.4211	0.0451
12.3158	0.0449
12.2105	0.0446
12.1579	0.0444
12.1089	0.0461
12.0681	0.0473
11.9474	0.0470
11.8421	0.0471
11.7895	0.0468
11.7701	0.0488
11.7368	0.0485
11.6842	0.0485
11.4211	0.0483
11.2105	0.0483
11.1579	0.0481
11.1181	0.0484
11.0526	0.0489
10.9913	0.0503
10.9474	0.0503
10.9474	0.0503
10.9474	0.0500
10.8947	0.0516
10.8421	0.0513
10.7895	0.0511
10.7895	0.0508
10.7496	0.0511
10.6852	0.0509
10.6842	0.0506
10.6316	0.0509
10.6091	0.0509
10.5917	0.0519
10.5263	0.0536
10.4631	0.0539
10.4211	0.0539
10.3684	0.0541
10.3684	0.0538
10.3140	0.0546
10.2632	0.0543
10.2632	0.0541
10.2549	0.0545
10.1816	0.0543
10.1253	0.0543
10.0678	0.0547
10.0000	0.0545
9.9053	0.0545
9.8947	0.0559
9.7895	0.0559
9.7895	0.0558
9.7895	0.0558
9.7225	0.0556
9.6842	0.0556
9.5789	0.0556
9.5263	0.0553
9.5263	0.0551
9.3684	0.0551
9.2118	0.0551
9.2105	0.0553
9.1053	0.0555
9.0615	0.0561
8.9474	0.0572
8.9474	0.0576
8.9343	0.0596
8.8947	0.0597
8.8269	0.0597
8.7895	0.0597
8.7895	0.0603
8.7895	0.0601
8.7895	0.0605
8.7895	0.0604
8.7368	0.0612
8.6842	0.0622
8.6316	0.0620
8.6316	0.0626
8.6232	0.0625
8.5878	0.0625
8.5789	0.0623
8.5693	0.0620
8.4737	0.0622
8.4211	0.0623
8.4211	0.0625
8.4211	0.0633
8.4099	0.0644
8.3684	0.0642
8.3158	0.0643
8.3158	0.0655
8.3031	0.0662
8.1053	0.0662
8.1053	0.0665
8.1053	0.0667
8.1053	0.0666
8.0526	0.0664
8.0526	0.0679
8.0526	0.0688
8.0000	0.0687
7.9474	0.0685
7.9474	0.0682
7.9412	0.0680
7.8947	0.0681
7.8923	0.0692
7.8845	0.0701
7.8421	0.0700
7.8421	0.0697
7.8421	0.0704
7.7895	0.0702
7.7554	0.0710
7.7368	0.0712
7.6842	0.0720
7.6842	0.0719
7.6316	0.0726
7.5789	0.0725
7.5789	0.0737
7.5660	0.0740
7.5263	0.0739
7.4632	0.0739
7.4211	0.0745
7.4211	0.0744
7.4211	0.0745
7.4211	0.0745
7.3814	0.0747
7.3686	0.0745
7.3158	0.0753
7.2909	0.0768
7.2811	0.0770
7.2632	0.0771
7.2168	0.0776
7.2105	0.0789
7.2105	0.0798
7.2105	0.0801
7.2092	0.0800
7.1579	0.0800
7.1579	0.0800
7.0000	0.0802
7.0000	0.0803
6.8947	0.0800
6.8421	0.0808
6.8421	0.0812
6.7368	0.0809
6.6842	0.0810
6.6316	0.0811
6.6316	0.0808
6.6316	0.0806
6.6316	0.0807
6.6305	0.0815
6.5789	0.0813
6.5789	0.0812
6.5789	0.0826
6.5594	0.0826
6.5167	0.0825
6.4467	0.0833
6.3684	0.0832
6.3231	0.0832
6.3158	0.0835
6.3158	0.0841
6.2632	0.0844
6.2632	0.0852
6.2105	0.0850
6.2105	0.0850
6.2105	0.0849
6.2105	0.0850
6.2105	0.0850
6.2105	0.0857
6.1579	0.0855
6.1579	0.0852
6.1579	0.0859
6.1053	0.0869
6.1053	0.0871
6.1022	0.0871
6.0947	0.0878
6.0526	0.0881
6.0526	0.0891
6.0429	0.0893
6.0000	0.0890
6.0000	0.0891
6.0000	0.0893
5.9948	0.0894
5.9798	0.0895
5.9600	0.0895
5.9474	0.0902
5.8947	0.0899
5.8421	0.0897
5.8421	0.0903
5.8368	0.0913
5.8124	0.0920
5.7895	0.0917
5.7797	0.0919
5.7368	0.0922
5.7368	0.0927
5.7368	0.0926
5.7270	0.0926
5.6842	0.0929
5.6842	0.0930
5.6842	0.0930
5.6842	0.0930
5.6842	0.0935
5.6455	0.0932
5.6408	0.0935
5.6316	0.0948
5.6316	0.0954
5.5789	0.0960
5.5789	0.0968
5.5779	0.0971
5.5263	0.0969
5.5263	0.0977
5.4737	0.0980
5.4737	0.0978
5.4737	0.0981
5.4737	0.0985
5.4211	0.0986
5.4211	0.0989
5.4211	0.0991
5.3684	0.0991
5.3684	0.0992
5.3158	0.0994
5.3158	0.0993
5.3158	0.1001
5.3158	0.0998
5.3158	0.1016
5.2632	0.1017
5.2105	0.1017
5.2105	0.1026
5.1804	0.1028
5.1579	0.1033
5.1579	0.1034
5.1053	0.1034
5.1053	0.1034
5.0637	0.1037
5.0526	0.1037
5.0526	0.1044
5.0526	0.1046
5.0154	0.1049
5.0000	0.1049
5.0000	0.1046
5.0000	0.1046
4.9755	0.1045
4.9592	0.1049
4.9474	0.1049
4.9474	0.1049
4.9474	0.1046
4.9474	0.1044
4.9474	0.1044
4.9474	0.1053
4.9474	0.1059
4.9474	0.1059
4.9027	0.1063
4.8961	0.1063
4.8421	0.1062
4.8421	0.1067
4.8421	0.1072
4.7895	0.1072
4.7895	0.1071
4.7895	0.1072
4.7388	0.1075
4.7372	0.1072
4.7368	0.1076
4.6842	0.1083
4.6842	0.1083
4.6842	0.1085
4.6776	0.1085
4.6316	0.1086
4.6316	0.1090
4.6078	0.1087
4.5789	0.1089
4.5789	0.1099
4.5789	0.1109
4.5325	0.1118
4.5267	0.1120
4.5263	0.1123
4.5263	0.1128
4.4737	0.1132
4.4211	0.1138
4.3684	0.1139
4.3684	0.1139
4.3684	0.1140
4.3608	0.1139
4.3158	0.1147
4.3158	0.1153
4.3158	0.1161
4.3158	0.1162
4.2652	0.1166
4.2632	0.1166
4.2632	0.1167
4.2632	0.1171
4.2632	0.1176
4.2491	0.1175
4.2105	0.1185
4.2105	0.1184
4.2105	0.1191
4.2105	0.1192
4.2105	0.1195
4.2105	0.1192
4.2105	0.1195
4.2009	0.1195
4.1929	0.1198
4.1579	0.1207
4.1579	0.1207
4.1579	0.1208
4.1579	0.1211
4.1579	0.1210
4.1053	0.1215
4.1053	0.1213
4.1053	0.1219
4.1053	0.1219
4.1053	0.1221
4.0996	0.1223
4.0526	0.1224
4.0526	0.1235
4.0526	0.1244
4.0526	0.1247
4.0000	0.1251
4.0000	0.1253
3.9992	0.1262
3.9474	0.1261
3.9474	0.1261
3.9474	0.1268
3.9474	0.1273
3.9474	0.1272
3.9078	0.1274
3.8947	0.1272
3.8947	0.1276
3.8947	0.1282
3.8947	0.1286
3.8947	0.1291
3.8421	0.1299
3.8421	0.1298
3.8421	0.1304
3.8421	0.1303
3.8275	0.1311
3.7895	0.1314
3.7895	0.1320
3.7895	0.1319
3.7895	0.1323
3.7895	0.1325
3.7686	0.1322
3.7368	0.1322
3.7368	0.1327
3.7368	0.1336
3.7368	0.1335
3.6842	0.1337
3.6842	0.1348
3.6842	0.1353
3.6842	0.1357
3.6842	0.1355
3.6842	0.1359
3.6316	0.1366
3.6316	0.1371
3.6316	0.1375
3.6316	0.1380
3.6316	0.1377
3.6316	0.1376
3.6139	0.1375
3.5789	0.1375
3.5359	0.1378
3.5263	0.1381
3.5263	0.1386
3.4737	0.1389
3.4737	0.1389
3.4737	0.1395
3.4737	0.1395
3.4718	0.1400
3.4574	0.1403
3.4211	0.1409
3.4211	0.1409
3.3695	0.1415
3.3684	0.1416
3.3684	0.1424
3.3684	0.1427
3.3158	0.1427
3.3158	0.1431
3.2889	0.1435
3.2632	0.1440
3.2632	0.1443
3.2632	0.1448
3.2632	0.1451
3.2632	0.1455
3.2632	0.1460
3.2105	0.1462
3.2105	0.1464
3.1647	0.1468
3.1628	0.1467
3.1579	0.1471
3.1579	0.1476
3.1579	0.1480
3.1579	0.1484
3.1579	0.1488
3.1579	0.1490
3.1579	0.1489
3.1177	0.1489
3.1097	0.1493
3.1053	0.1499
3.1053	0.1502
3.1053	0.1503
3.1053	0.1505
3.1053	0.1507
3.1053	0.1511
3.0729	0.1519
3.0526	0.1518
3.0526	0.1517
3.0526	0.1520
3.0526	0.1529
3.0526	0.1535
3.0526	0.1539
3.0526	0.1545
3.0526	0.1552
3.0526	0.1558
3.0526	0.1565
3.0438	0.1567
3.0000	0.1572
3.0000	0.1575
3.0000	0.1578
3.0000	0.1584
3.0000	0.1586
3.0000	0.1591
3.0000	0.1594
2.9634	0.1598
2.9474	0.1601
2.9474	0.1605
2.9474	0.1612
2.9474	0.1613
2.9474	0.1612
2.9474	0.1611
2.9474	0.1611
2.9474	0.1618
2.9474	0.1618
2.9474	0.1615
2.9474	0.1615
2.8947	0.1617
2.8947	0.1619
2.8947	0.1625
2.8947	0.1626
2.8947	0.1631
2.8947	0.1631
2.8931	0.1630
2.8421	0.1631
2.8421	0.1630
2.8421	0.1636
2.8421	0.1640
2.8421	0.1644
2.8033	0.1649
2.7895	0.1653
2.7895	0.1659
2.7895	0.1657
2.7729	0.1657
2.7368	0.1658
2.7368	0.1661
2.7368	0.1664
2.7368	0.1670
2.7368	0.1669
2.7368	0.1678
2.7368	0.1678
2.7368	0.1684
2.7143	0.1686
2.7039	0.1693
2.6926	0.1691
2.6842	0.1692
2.6842	0.1692
2.6842	0.1695
2.6842	0.1698
2.6842	0.1704
2.6842	0.1706
2.6842	0.1709
2.6842	0.1708
2.6579	0.1712
2.6462	0.1716
2.6316	0.1720
2.6316	0.1723
2.6316	0.1726
2.6316	0.1731
2.6316	0.1736
2.6316	0.1737
2.6316	0.1742
2.6316	0.1744
2.6316	0.1747
2.5789	0.1750
2.5789	0.1749
2.5789	0.1753
2.5789	0.1754
2.5789	0.1756
2.5789	0.1763
2.5775	0.1766
2.5658	0.1769
2.5611	0.1771
2.5518	0.1769
2.5263	0.1774
2.5263	0.1774
2.5263	0.1780
2.5263	0.1781
2.5263	0.1786
2.5263	0.1790
2.4737	0.1797
2.4737	0.1799
2.4737	0.1801
2.4737	0.1807
2.4737	0.1809
2.4737	0.1816
2.4737	0.1820
2.4737	0.1822
2.4737	0.1827
2.4737	0.1834
2.4724	0.1836
2.4211	0.1838
2.4211	0.1843
2.4211	0.1846
2.4211	0.1857
2.4211	0.1862
2.4211	0.1861
2.4202	0.1861
2.3939	0.1864
2.3684	0.1868
2.3684	0.1867
2.3684	0.1871
2.3684	0.1880
2.3684	0.1882
2.3684	0.1883
2.3684	0.1888
2.3684	0.1891
2.3684	0.1892
2.3684	0.1891
2.3158	0.1894
2.3158	0.1900
2.3158	0.1904
2.3158	0.1910
2.3158	0.1915
2.3158	0.1919
2.3158	0.1919
2.3158	0.1924
2.3158	0.1927
2.3158	0.1929
2.3158	0.1932
2.3158	0.1931
2.3158	0.1935
2.3158	0.1941
2.3158	0.1943
2.3158	0.1943
2.2632	0.1946
2.2632	0.1950
2.2632	0.1955
2.2632	0.1959
2.2632	0.1962
2.2632	0.1966
2.2632	0.1969
2.2632	0.1973
2.2539	0.1971
2.2309	0.1971
2.2119	0.1977
2.2105	0.1979
2.2105	0.1978
2.2105	0.1983
2.2105	0.1985
2.2105	0.1991
2.2105	0.1996
2.2105	0.2000
2.2105	0.2007
2.2105	0.2011
2.2105	0.2016
2.2105	0.2022
2.1855	0.2025
2.1752	0.2025
2.1744	0.2026
2.1619	0.2028
2.1579	0.2031
2.1579	0.2034
2.1579	0.2039
2.1579	0.2042
2.1579	0.2043
2.1579	0.2045
2.1579	0.2047
2.1579	0.2050
2.1579	0.2055
2.1579	0.2058
2.1579	0.2065
2.1346	0.2063
2.1192	0.2063
2.1053	0.2067
2.1053	0.2067
2.1053	0.2072
2.1053	0.2073
2.1053	0.2075
2.1053	0.2080
2.1053	0.2084
2.1053	0.2089
2.1053	0.2091
2.1053	0.2095
2.1053	0.2099
2.1053	0.2099
2.0608	0.2100
2.0526	0.2106
2.0526	0.2111
2.0526	0.2112
2.0526	0.2116
2.0526	0.2116
2.0526	0.2115
2.0526	0.2117
2.0526	0.2120
2.0526	0.2124
2.0526	0.2126
2.0526	0.2132
2.0301	0.2135
2.0173	0.2137
2.0142	0.2142
2.0000	0.2140
2.0000	0.2143
2.0000	0.2148
2.0000	0.2150
2.0000	0.2154
1.9765	0.2160
1.9745	0.2165
1.9474	0.2165
1.9474	0.2165
1.9474	0.2171
1.9474	0.2172
1.9474	0.2176
1.9474	0.2181
1.9474	0.2183
1.9474	0.2185
1.9474	0.2187
1.9474	0.2188
1.9474	0.2188
1.9474	0.2192
1.9065	0.2198
1.8947	0.2203
1.8947	0.2206
1.8947	0.2210
1.8947	0.2213
1.8947	0.2219
1.8947	0.2217
1.8947	0.2218
1.8947	0.2219
1.8947	0.2220
1.8947	0.2221
1.8947	0.2227
1.8947	0.2232
1.8842	0.2233
1.8421	0.2233
1.8421	0.2234
1.8421	0.2236
1.8421	0.2236
1.8421	0.2242
1.8421	0.2243
1.8421	0.2247
1.8421	0.2250
1.8421	0.2256
1.8421	0.2260
1.8421	0.2264
1.8421	0.2267
1.8105	0.2270
1.8026	0.2273
1.7993	0.2276
1.7895	0.2280
1.7895	0.2282
1.7895	0.2286
1.7895	0.2288
1.7895	0.2290
1.7895	0.2291
1.7895	0.2295
1.7895	0.2300
1.7895	0.2302
1.7719	0.2305
1.7688	0.2309
1.7656	0.2308
1.7483	0.2314
1.7368	0.2313
1.7368	0.2318
1.7368	0.2320
1.7368	0.2321
1.7368	0.2327
1.7368	0.2328
1.7368	0.2329
1.7368	0.2332
1.7368	0.2334
1.7368	0.2338
1.7368	0.2342
1.7368	0.2347
1.7368	0.2351
1.7368	0.2352
1.7368	0.2352
1.7368	0.2352
1.7358	0.2357
1.6994	0.2358
1.6945	0.2367
1.6842	0.2371
1.6842	0.2374
1.6842	0.2378
1.6842	0.2378
1.6842	0.2380
1.6842	0.2386
1.6842	0.2388
1.6842	0.2391
1.6842	0.2398
1.6667	0.2400
1.6462	0.2404
1.6447	0.2408
1.6316	0.2412
1.6316	0.2414
1.6316	0.2419
1.6316	0.2424
1.6316	0.2429
1.6316	0.2431
1.6316	0.2430
1.6316	0.2432
1.6316	0.2434
1.6316	0.2438
1.6316	0.2443
1.6316	0.2443
1.6316	0.2444
1.6316	0.2444
1.6316	0.2448
1.6316	0.2451
1.6316	0.2455
1.6316	0.2459
1.6316	0.2462
1.6250	0.2466
1.6181	0.2469
1.6149	0.2471
1.5801	0.2474
1.5789	0.2472
1.5789	0.2475
1.5789	0.2475
1.5789	0.2478
1.5789	0.2480
1.5789	0.2483
1.5789	0.2484
1.5789	0.2486
1.5789	0.2491
1.5789	0.2492
1.5789	0.2494
1.5789	0.2498
1.5789	0.2502
1.5789	0.2504
1.5789	0.2508
1.5789	0.2508
1.5789	0.2512
1.5544	0.2513
1.5535	0.2515
1.5520	0.2518
1.5315	0.2520
1.5263	0.2524
1.5263	0.2527
1.5263	0.2530
1.5263	0.2534
1.5263	0.2537
1.5263	0.2541
1.5263	0.2545
1.5263	0.2549
1.5263	0.2552
1.5263	0.2557
1.5263	0.2564
1.5263	0.2564
1.5263	0.2566
1.5263	0.2568
1.5263	0.2568
1.5263	0.2571
1.5188	0.2573
1.5175	0.2576
1.5169	0.2579
1.5070	0.2583
1.4868	0.2587
1.4737	0.2587
1.4737	0.2590
1.4737	0.2592
1.4737	0.2595
1.4737	0.2597
1.4737	0.2596
1.4737	0.2600
1.4737	0.2604
1.4737	0.2607
1.4737	0.2610
1.4737	0.2614
1.4737	0.2618
1.4737	0.2620
1.4737	0.2624
1.4737	0.2627
1.4697	0.2628
1.4246	0.2632
1.4219	0.2635
1.4211	0.2635
1.4211	0.2639
1.4211	0.2640
1.4211	0.2640
1.4211	0.2643
1.4211	0.2645
1.4211	0.2648
1.4211	0.2648
1.4211	0.2651
1.4211	0.2657
1.4211	0.2660
1.4211	0.2664
1.4211	0.2667
1.4211	0.2670
1.4211	0.2673
1.4211	0.2678
1.4211	0.2679
1.4211	0.2681
1.4211	0.2681
1.4211	0.2682
1.4211	0.2688
1.4211	0.2692
1.4211	0.2694
1.4175	0.2694
1.4000	0.2696
1.3877	0.2700
1.3835	0.2700
1.3684	0.2702
1.3684	0.2705
1.3684	0.2708
1.3684	0.2714
1.3684	0.2718
1.3684	0.2721
1.3684	0.2723
1.3684	0.2721
1.3684	0.2726
1.3684	0.2730
1.3684	0.2732
1.3684	0.2735
1.3684	0.2739
1.3684	0.2738
1.3566	0.2741
1.3161	0.2741
1.3158	0.2745
1.3158	0.2748
1.3158	0.2751
1.3158	0.2751
1.3158	0.2754
1.3158	0.2757
1.3158	0.2760
1.3158	0.2760
1.3158	0.2764
1.3158	0.2763
1.3158	0.2766
1.3158	0.2767
1.3158	0.2766
1.3158	0.2771
1.3158	0.2774
1.3158	0.2776
1.3158	0.2779
1.3158	0.2781
1.3158	0.2784
1.3158	0.2789
1.3158	0.2791
1.3158	0.2793
1.3158	0.2797
1.3070	0.2799
1.3037	0.2797
1.2983	0.2800
1.2895	0.2801
1.2632	0.2803
1.2632	0.2805
1.2632	0.2807
1.2632	0.2810
1.2632	0.2812
1.2632	0.2816
1.2632	0.2820
1.2632	0.2823
1.2632	0.2823
1.2632	0.2826
1.2632	0.2829
1.2632	0.2832
1.2632	0.2833
1.2632	0.2836
1.2632	0.2839
1.2632	0.2839
1.2632	0.2844
1.2632	0.2847
1.2632	0.2850
1.2632	0.2853
1.2625	0.2850
1.2500	0.2853
1.2493	0.2855
1.2331	0.2861
1.2193	0.2862
1.2105	0.2863
1.2105	0.2867
1.2105	0.2869
1.2105	0.2872
1.2105	0.2872
1.2105	0.2876
1.2105	0.2877
1.2105	0.2878
1.2105	0.2882
1.2105	0.2886
1.2105	0.2886
1.2105	0.2888
1.2105	0.2890
1.2105	0.2893
1.2105	0.2896
1.2105	0.2898
1.2105	0.2902
1.2105	0.2905
1.2105	0.2906
1.2105	0.2908
1.2105	0.2910
1.2105	0.2914
1.2105	0.2918
1.1932	0.2920
1.1913	0.2922
1.1842	0.2924
1.1825	0.2924
1.1579	0.2927
1.1579	0.2933
1.1579	0.2934
1.1579	0.2937
1.1579	0.2941
1.1579	0.2943
1.1579	0.2945
1.1579	0.2948
1.1579	0.2951
1.1579	0.2953
1.1579	0.2955
1.1579	0.2956
1.1579	0.2958
1.1579	0.2961
1.1579	0.2964
1.1579	0.2965
1.1579	0.2966
1.1579	0.2969
1.1579	0.2971
1.1579	0.2974
1.1579	0.2976
1.1579	0.2978
1.1579	0.2982
1.1576	0.2984
1.1403	0.2985
1.1228	0.2988
1.1184	0.2987
1.1053	0.2989
1.1053	0.2992
1.1053	0.2995
1.1053	0.2997
1.1053	0.2999
1.1053	0.3001
1.1053	0.3003
1.1053	0.3005
1.1053	0.3006
1.1053	0.3010
1.1053	0.3011
1.1053	0.3014
1.1053	0.3016
1.1053	0.3019
1.1053	0.3022
1.1053	0.3025
1.1053	0.3027
1.1053	0.3030
1.0789	0.3034
1.0729	0.3035
1.0689	0.3037
1.0629	0.3038
1.0526	0.3041
1.0526	0.3042
1.0526	0.3041
1.0526	0.3043
1.0526	0.3046
1.0526	0.3048
1.0526	0.3049
1.0526	0.3052
1.0526	0.3053
1.0526	0.3054
1.0526	0.3058
1.0526	0.3060
1.0526	0.3061
1.0526	0.3065
1.0526	0.3066
1.0526	0.3068
1.0526	0.3069
1.0526	0.3072
1.0526	0.3073
1.0526	0.3075
1.0526	0.3079
1.0526	0.3081
1.0526	0.3084
1.0526	0.3088
1.0526	0.3093
1.0526	0.3095
1.0526	0.3098
1.0526	0.3102
1.0526	0.3105
1.0526	0.3106
1.0526	0.3108
1.0526	0.3110
1.0526	0.3111
1.0526	0.3111
1.0481	0.3114
1.0439	0.3117
1.0431	0.3118
1.0149	0.3120
1.0105	0.3121
1.0000	0.3123
1.0000	0.3125
1.0000	0.3126
1.0000	0.3130
1.0000	0.3133
1.0000	0.3135
1.0000	0.3139
1.0000	0.3140
1.0000	0.3143
1.0000	0.3146
1.0000	0.3148
1.0000	0.3151
1.0000	0.3154
1.0000	0.3156
1.0000	0.3159
1.0000	0.3161
1.0000	0.3164
1.0000	0.3165
1.0000	0.3165
1.0000	0.3166
1.0000	0.3170
1.0000	0.3173
1.0000	0.3177
1.0000	0.3180
1.0000	0.3181
1.0000	0.3184
1.0000	0.3186
1.0000	0.3188
1.0000	0.3191
1.0000	0.3194
1.0000	0.3198
1.0000	0.3201
1.0000	0.3203
1.0000	0.3205
1.0000	0.3205
1.0000	0.3207
0.9967	0.3212
0.9846	0.3213
0.9842	0.3213
0.9699	0.3216
0.9605	0.3218
0.9572	0.3219
0.9474	0.3223
0.9474	0.3227
0.9474	0.3231
0.9474	0.3232
0.9474	0.3233
0.9474	0.3235
0.9474	0.3238
0.9474	0.3240
0.9474	0.3242
0.9474	0.3245
0.9474	0.3247
0.9474	0.3251
0.9474	0.3253
0.9474	0.3254
0.9474	0.3257
0.9474	0.3257
0.9474	0.3259
0.9474	0.3261
0.9474	0.3263
0.9474	0.3266
0.9474	0.3269
0.9474	0.3272
0.9474	0.3275
0.9474	0.3275
0.9474	0.3278
0.9474	0.3279
0.9474	0.3282
0.9474	0.3284
0.9474	0.3287
0.9474	0.3290
0.9474	0.3292
0.9474	0.3295
0.9474	0.3297
0.9474	0.3300
0.9474	0.3303
0.9474	0.3305
0.9474	0.3307
0.9395	0.3306
0.9386	0.3308
0.9385	0.3309
0.9158	0.3312
0.9123	0.3313
0.8947	0.3317
0.8947	0.3319
0.8947	0.3321
0.8947	0.3323
0.8947	0.3325
0.8947	0.3327
0.8947	0.3330
0.8947	0.3332
0.8947	0.3336
0.8947	0.3338
0.8947	0.3340
0.8947	0.3343
0.8947	0.3345
0.8947	0.3347
0.8947	0.3350
0.8947	0.3350
0.8947	0.3352
0.8947	0.3355
0.8947	0.3358
0.8947	0.3360
0.8947	0.3361
0.8947	0.3362
0.8947	0.3365
0.8947	0.3369
0.8947	0.3371
0.8947	0.3374
0.8947	0.3376
0.8947	0.3377
0.8947	0.3380
0.8947	0.3382
0.8947	0.3383
0.8947	0.3385
0.8816	0.3385
0.8772	0.3386
0.8756	0.3389
0.8684	0.3391
0.8684	0.3393
0.8667	0.3394
0.8595	0.3397
0.8557	0.3399
0.8535	0.3399
0.8421	0.3398
0.8421	0.3402
0.8421	0.3405
0.8421	0.3407
0.8421	0.3409
0.8421	0.3410
0.8421	0.3412
0.8421	0.3414
0.8421	0.3416
0.8421	0.3419
0.8421	0.3421
0.8421	0.3424
0.8421	0.3426
0.8421	0.3428
0.8421	0.3431
0.8421	0.3432
0.8421	0.3434
0.8421	0.3437
0.8421	0.3437
0.8421	0.3440
0.8421	0.3441
0.8421	0.3442
0.8421	0.3444
0.8421	0.3446
0.8421	0.3450
0.8421	0.3454
0.8421	0.3457
0.8421	0.3461
0.8421	0.3464
0.8421	0.3466
0.8421	0.3467
0.8421	0.3470
0.8421	0.3472
0.8421	0.3475
0.8421	0.3479
0.8421	0.3481
0.8421	0.3484
0.8421	0.3486
0.8421	0.3489
0.8412	0.3491
0.8193	0.3494
0.8158	0.3497
0.8158	0.3499
0.7895	0.3500
0.7895	0.3502
0.7895	0.3505
0.7895	0.3509
0.7895	0.3509
0.7895	0.3511
0.7895	0.3513
0.7895	0.3515
0.7895	0.3516
0.7895	0.3517
0.7895	0.3519
0.7895	0.3522
0.7895	0.3524
0.7895	0.3525
0.7895	0.3528
0.7895	0.3531
0.7895	0.3533
0.7895	0.3534
0.7895	0.3537
0.7895	0.3538
0.7895	0.3540
0.7895	0.3542
0.7895	0.3544
0.7895	0.3546
0.7895	0.3549
0.7895	0.3550
0.7895	0.3552
0.7895	0.3554
0.7895	0.3557
0.7895	0.3560
0.7895	0.3563
0.7895	0.3565
0.7895	0.3567
0.7895	0.3569
0.7895	0.3571
0.7895	0.3573
0.7895	0.3575
0.7895	0.3577
0.7895	0.3580
0.7868	0.3580
0.7656	0.3583
0.7644	0.3586
0.7632	0.3588
0.7500	0.3588
0.7368	0.3589
0.7368	0.3590
0.7368	0.3593
0.7368	0.3595
0.7368	0.3598
0.7368	0.3600
0.7368	0.3602
0.7368	0.3605
0.7368	0.3607
0.7368	0.3611
0.7368	0.3612
0.7368	0.3614
0.7368	0.3616
0.7368	0.3618
0.7368	0.3620
0.7368	0.3623
0.7368	0.3626
0.7368	0.3627
0.7368	0.3630
0.7368	0.3633
0.7368	0.3635
0.7368	0.3636
0.7368	0.3638
0.7368	0.3641
0.7368	0.3642
0.7368	0.3643
0.7368	0.3647
0.7368	0.3650
0.7368	0.3653
0.7368	0.3654
0.7368	0.3655
0.7368	0.3658
0.7368	0.3660
0.7368	0.3662
0.7368	0.3664
0.7368	0.3666
0.7247	0.3666
0.7218	0.3669
0.7060	0.3667
0.7017	0.3669
0.6842	0.3671
0.6842	0.3673
0.6842	0.3675
0.6842	0.3676
0.6842	0.3679
0.6842	0.3681
0.6842	0.3684
0.6842	0.3686
0.6842	0.3688
0.6842	0.3690
0.6842	0.3692
0.6842	0.3695
0.6842	0.3696
0.6842	0.3699
0.6842	0.3701
0.6842	0.3704
0.6842	0.3705
0.6842	0.3708
0.6842	0.3709
0.6842	0.3710
0.6842	0.3712
0.6842	0.3712
0.6842	0.3715
0.6842	0.3717
0.6842	0.3719
0.6842	0.3721
0.6842	0.3723
0.6842	0.3725
0.6842	0.3728
0.6842	0.3730
0.6842	0.3732
0.6842	0.3734
0.6842	0.3736
0.6842	0.3738
0.6842	0.3739
0.6842	0.3742
0.6842	0.3744
0.6842	0.3745
0.6825	0.3745
0.6745	0.3745
0.6737	0.3744
0.6734	0.3747
0.6711	0.3749
0.6644	0.3750
0.6368	0.3752
0.6351	0.3752
0.6331	0.3754
0.6316	0.3757
0.6316	0.3760
0.6316	0.3761
0.6316	0.3763
0.6316	0.3767
0.6316	0.3769
0.6316	0.3770
0.6316	0.3773
0.6316	0.3774
0.6316	0.3777
0.6316	0.3779
0.6316	0.3782
0.6316	0.3784
0.6316	0.3785
0.6316	0.3788
0.6316	0.3790
0.6316	0.3791
0.6316	0.3794
0.6316	0.3796
0.6316	0.3799
0.6316	0.3802
0.6316	0.3804
0.6316	0.3807
0.6316	0.3808
0.6316	0.3810
0.6316	0.3812
0.6316	0.3815
0.6316	0.3819
0.6316	0.3822
0.6316	0.3824
0.6316	0.3826
0.6316	0.3827
0.6316	0.3829
0.6316	0.3830
0.6316	0.3833
0.6316	0.3835
0.6316	0.3838
0.6316	0.3840
0.6316	0.3842
0.6316	0.3843
0.6316	0.3846
0.6316	0.3849
0.6316	0.3850
0.6316	0.3851
0.6316	0.3853
0.6316	0.3854
0.6316	0.3856
0.6316	0.3859
0.6316	0.3862
0.6316	0.3864
0.6316	0.3866
0.6316	0.3868
0.6316	0.3869
0.6316	0.3871
0.6316	0.3873
0.6211	0.3873
0.6190	0.3875
0.6184	0.3874
0.6131	0.3874
0.6105	0.3876
0.5921	0.3878
0.5855	0.3880
0.5789	0.3882
0.5789	0.3884
0.5789	0.3887
0.5789	0.3889
0.5789	0.3891
0.5789	0.3892
0.5789	0.3894
0.5789	0.3896
0.5789	0.3898
0.5789	0.3900
0.5789	0.3902
0.5789	0.3904
0.5789	0.3907
0.5789	0.3908
0.5789	0.3911
0.5789	0.3912
0.5789	0.3914
0.5789	0.3916
0.5789	0.3919
0.5789	0.3921
0.5789	0.3923
0.5789	0.3925
0.5789	0.3927
0.5789	0.3930
0.5789	0.3932
0.5789	0.3933
0.5789	0.3936
0.5789	0.3938
0.5789	0.3940
0.5789	0.3944
0.5789	0.3946
0.5789	0.3949
0.5789	0.3951
0.5789	0.3954
0.5789	0.3956
0.5789	0.3958
0.5789	0.3960
0.5789	0.3962
0.5789	0.3964
0.5789	0.3967
0.5789	0.3969
0.5789	0.3972
0.5789	0.3973
0.5789	0.3976
0.5789	0.3978
0.5789	0.3980
0.5789	0.3982
0.5789	0.3984
0.5789	0.3987
0.5789	0.3988
0.5789	0.3992
0.5789	0.3993
0.5789	0.3995
0.5789	0.3996
0.5702	0.3998
0.5586	0.4000
0.5526	0.4002
0.5526	0.4004
0.5395	0.4005
0.5351	0.4008
0.5269	0.4011
0.5263	0.4013
0.5263	0.4015
0.5263	0.4018
0.5263	0.4020
0.5263	0.4022
0.5263	0.4024
0.5263	0.4027
0.5263	0.4029
0.5263	0.4031
0.5263	0.4033
0.5263	0.4034
0.5263	0.4036
0.5263	0.4038
0.5263	0.4040
0.5263	0.4042
0.5263	0.4043
0.5263	0.4045
0.5263	0.4048
0.5263	0.4050
0.5263	0.4051
0.5263	0.4052
0.5263	0.4053
0.5263	0.4056
0.5263	0.4057
0.5263	0.4059
0.5263	0.4062
0.5263	0.4064
0.5263	0.4066
0.5263	0.4068
0.5263	0.4071
0.5263	0.4072
0.5263	0.4075
0.5263	0.4077
0.5263	0.4079
0.5263	0.4082
0.5263	0.4084
0.5263	0.4086
0.5263	0.4088
0.5263	0.4090
0.5263	0.4092
0.5263	0.4095
0.5263	0.4097
0.5263	0.4099
0.5263	0.4100
0.5263	0.4102
0.5263	0.4104
0.5263	0.4106
0.5263	0.4108
0.5263	0.4110
0.5263	0.4112
0.5263	0.4115
0.5263	0.4116
0.5263	0.4118
0.5263	0.4120
0.5263	0.4122
0.5263	0.4124
0.5263	0.4126
0.5263	0.4129
0.5263	0.4130
0.5263	0.4132
0.5263	0.4134
0.5263	0.4135
0.5263	0.4136
0.5263	0.4139
0.5158	0.4142
0.5036	0.4145
0.5000	0.4146
0.5000	0.4148
0.4992	0.4148
0.4825	0.4150
0.4789	0.4152
0.4737	0.4154
0.4737	0.4154
0.4737	0.4156
0.4737	0.4158
0.4737	0.4160
0.4737	0.4162
0.4737	0.4163
0.4737	0.4165
0.4737	0.4168
0.4737	0.4170
0.4737	0.4173
0.4737	0.4175
0.4737	0.4176
0.4737	0.4178
0.4737	0.4179
0.4737	0.4182
0.4737	0.4183
0.4737	0.4184
0.4737	0.4186
0.4737	0.4187
0.4737	0.4190
0.4737	0.4192
0.4737	0.4193
0.4737	0.4195
0.4737	0.4196
0.4737	0.4199
0.4737	0.4201
0.4737	0.4203
0.4737	0.4206
0.4737	0.4208
0.4737	0.4210
0.4737	0.4212
0.4737	0.4214
0.4737	0.4215
0.4737	0.4217
0.4737	0.4219
0.4737	0.4222
0.4737	0.4224
0.4737	0.4226
0.4737	0.4228
0.4737	0.4230
0.4737	0.4233
0.4737	0.4235
0.4737	0.4237
0.4737	0.4238
0.4737	0.4241
0.4737	0.4243
0.4737	0.4245
0.4737	0.4247
0.4737	0.4250
0.4737	0.4251
0.4737	0.4253
0.4737	0.4255
0.4737	0.4258
0.4737	0.4259
0.4417	0.4261
0.4386	0.4263
0.4316	0.4264
0.4211	0.4266
0.4211	0.4268
0.4211	0.4271
0.4211	0.4272
0.4211	0.4274
0.4211	0.4276
0.4211	0.4278
0.4211	0.4280
0.4211	0.4282
0.4211	0.4284
0.4211	0.4287
0.4211	0.4289
0.4211	0.4291
0.4211	0.4294
0.4211	0.4296
0.4211	0.4298
0.4211	0.4301
0.4211	0.4303
0.4211	0.4304
0.4211	0.4306
0.4211	0.4307
0.4211	0.4309
0.4211	0.4310
0.4211	0.4312
0.4211	0.4314
0.4211	0.4316
0.4211	0.4318
0.4211	0.4320
0.4211	0.4322
0.4211	0.4324
0.4211	0.4326
0.4211	0.4327
0.4211	0.4329
0.4211	0.4331
0.4211	0.4332
0.4211	0.4334
0.4211	0.4336
0.4211	0.4338
0.4211	0.4340
0.4211	0.4342
0.4211	0.4344
0.4211	0.4346
0.4211	0.4348
0.4045	0.4350
0.4010	0.4352
0.4000	0.4354
0.3965	0.4356
0.3939	0.4358
0.3833	0.4358
0.3772	0.4360
0.3772	0.4361
0.3766	0.4362
0.3702	0.4364
0.3702	0.4366
0.3684	0.4368
0.3684	0.4370
0.3684	0.4372
0.3684	0.4373
0.3684	0.4375
0.3684	0.4376
0.3684	0.4378
0.3684	0.4380
0.3684	0.4382
0.3684	0.4384
0.3684	0.4386
0.3684	0.4388
0.3684	0.4389
0.3684	0.4392
0.3684	0.4394
0.3684	0.4396
0.3684	0.4397
0.3684	0.4399
0.3684	0.4401
0.3684	0.4402
0.3684	0.4405
0.3684	0.4407
0.3684	0.4409
0.3684	0.4411
0.3684	0.4414
0.3684	0.4417
0.3684	0.4419
0.3684	0.4421
0.3684	0.4423
0.3684	0.4425
0.3684	0.4427
0.3684	0.4429
0.3684	0.4431
0.3684	0.4433
0.3684	0.4435
0.3684	0.4437
0.3684	0.4439
0.3684	0.4441
0.3684	0.4443
0.3684	0.4445
0.3684	0.4446
0.3684	0.4449
0.3684	0.4450
0.3684	0.4453
0.3684	0.4455
0.3684	0.4456
0.3684	0.4459
0.3684	0.4461
0.3684	0.4463
0.3684	0.4465
0.3684	0.4467
0.3684	0.4469
0.3684	0.4471
0.3684	0.4473
0.3684	0.4475
0.3684	0.4477
0.3684	0.4479
0.3684	0.4481
0.3553	0.4483
0.3553	0.4485
0.3421	0.4488
0.3349	0.4489
0.3263	0.4489
0.3254	0.4491
0.3158	0.4493
0.3158	0.4495
0.3158	0.4497
0.3158	0.4499
0.3158	0.4501
0.3158	0.4504
0.3158	0.4506
0.3158	0.4507
0.3158	0.4510
0.3158	0.4512
0.3158	0.4514
0.3158	0.4516
0.3158	0.4519
0.3158	0.4521
0.3158	0.4523
0.3158	0.4525
0.3158	0.4527
0.3158	0.4529
0.3158	0.4531
0.3158	0.4533
0.3158	0.4535
0.3158	0.4537
0.3158	0.4539
0.3158	0.4541
0.3158	0.4543
0.3158	0.4545
0.3158	0.4547
0.3158	0.4548
0.3158	0.4550
0.3158	0.4552
0.3158	0.4554
0.3158	0.4557
0.3158	0.4558
0.3158	0.4560
0.3158	0.4562
0.3158	0.4565
0.3158	0.4567
0.3158	0.4568
0.3158	0.4570
0.3158	0.4572
0.3158	0.4575
0.3158	0.4576
0.3158	0.4579
0.3158	0.4581
0.3158	0.4583
0.3158	0.4585
0.3158	0.4587
0.3158	0.4588
0.3158	0.4590
0.3158	0.4591
0.3158	0.4593
0.3158	0.4595
0.3158	0.4597
0.3158	0.4599
0.3158	0.4601
0.3158	0.4603
0.3158	0.4605
0.3158	0.4607
0.3158	0.4609
0.3158	0.4610
0.3158	0.4613
0.3022	0.4611
0.2964	0.4609
0.2900	0.4611
0.2895	0.4612
0.2882	0.4614
0.2807	0.4616
0.2763	0.4617
0.2738	0.4620
0.2632	0.4622
0.2632	0.4624
0.2632	0.4625
0.2632	0.4627
0.2632	0.4629
0.2632	0.4631
0.2632	0.4633
0.2632	0.4635
0.2632	0.4637
0.2632	0.4640
0.2632	0.4642
0.2632	0.4644
0.2632	0.4646
0.2632	0.4647
0.2632	0.4650
0.2632	0.4652
0.2632	0.4654
0.2632	0.4655
0.2632	0.4657
0.2632	0.4659
0.2632	0.4662
0.2632	0.4664
0.2632	0.4666
0.2632	0.4667
0.2632	0.4669
0.2632	0.4671
0.2632	0.4673
0.2632	0.4675
0.2632	0.4677
0.2632	0.4680
0.2632	0.4682
0.2632	0.4684
0.2632	0.4686
0.2632	0.4688
0.2632	0.4690
0.2632	0.4692
0.2632	0.4694
0.2632	0.4696
0.2632	0.4698
0.2632	0.4700
0.2632	0.4702
0.2632	0.4704
0.2632	0.4705
0.2632	0.4708
0.2632	0.4710
0.2632	0.4712
0.2632	0.4714
0.2632	0.4716
0.2632	0.4718
0.2632	0.4719
0.2632	0.4722
0.2632	0.4724
0.2632	0.4726
0.2632	0.4728
0.2632	0.4730
0.2632	0.4732
0.2632	0.4733
0.2632	0.4736
0.2632	0.4737
0.2632	0.4739
0.2632	0.4741
0.2632	0.4743
0.2632	0.4745
0.2632	0.4747
0.2632	0.4749
0.2632	0.4751
0.2632	0.4752
0.2632	0.4754
0.2632	0.4756
0.2632	0.4758
0.2632	0.4760
0.2632	0.4762
0.2632	0.4764
0.2632	0.4765
0.2632	0.4767
0.2632	0.4769
0.2632	0.4770
0.2632	0.4772
0.2632	0.4774
0.2632	0.4776
0.2622	0.4777
0.2614	0.4775
0.2368	0.4777
0.2316	0.4779
0.2286	0.4781
0.2171	0.4783
0.2105	0.4785
0.2105	0.4787
0.2105	0.4789
0.2105	0.4790
0.2105	0.4792
0.2105	0.4794
0.2105	0.4796
0.2105	0.4798
0.2105	0.4800
0.2105	0.4802
0.2105	0.4804
0.2105	0.4806
0.2105	0.4808
0.2105	0.4810
0.2105	0.4812
0.2105	0.4814
0.2105	0.4816
0.2105	0.4818
0.2105	0.4820
0.2105	0.4822
0.2105	0.4824
0.2105	0.4826
0.2105	0.4828
0.2105	0.4829
0.2105	0.4831
0.2105	0.4833
0.2105	0.4835
0.2105	0.4837
0.2105	0.4839
0.2105	0.4841
0.2105	0.4843
0.2105	0.4845
0.2105	0.4847
0.2105	0.4849
0.2105	0.4850
0.2105	0.4852
0.2105	0.4854
0.2105	0.4856
0.2105	0.4858
0.2105	0.4860
0.2105	0.4862
0.2105	0.4864
0.2105	0.4866
0.2105	0.4868
0.2105	0.4870
0.2105	0.4872
0.2105	0.4874
0.2105	0.4876
0.2105	0.4878
0.2105	0.4880
0.2105	0.4881
0.2105	0.4883
0.2105	0.4885
0.2105	0.4887
0.2105	0.4889
0.2105	0.4891
0.2105	0.4893
0.2105	0.4895
0.2105	0.4896
0.2105	0.4899
0.2105	0.4901
0.2105	0.4903
0.2105	0.4904
0.2105	0.4907
0.2105	0.4909
0.2105	0.4910
0.2105	0.4912
0.2105	0.4915
0.2105	0.4916
0.2105	0.4919
0.2105	0.4921
0.2105	0.4922
0.2105	0.4924
0.2105	0.4927
0.2105	0.4929
0.2105	0.4931
0.2105	0.4932
0.2105	0.4934
0.2105	0.4936
0.2105	0.4938
0.2105	0.4939
0.2105	0.4941
0.2105	0.4943
0.2105	0.4946
0.2105	0.4947
0.2105	0.4949
0.2105	0.4951
0.2105	0.4953
0.2032	0.4954
0.1930	0.4956
0.1842	0.4958
0.1842	0.4960
0.1842	0.4962
0.1842	0.4963
0.1842	0.4965
0.1842	0.4966
0.1789	0.4968
0.1754	0.4970
0.1754	0.4971
0.1612	0.4973
0.1610	0.4975
0.1594	0.4977
0.1587	0.4978
0.1579	0.4980
0.1579	0.4982
0.1579	0.4984
0.1579	0.4986
0.1579	0.4988
0.1579	0.4990
0.1579	0.4992
0.1579	0.4994
0.1579	0.4996
0.1579	0.4998
0.1579	0.5000
0.1579	0.5002
0.1579	0.5003
0.1579	0.5005
0.1579	0.5007
0.1579	0.5009
0.1579	0.5011
0.1579	0.5013
0.1579	0.5015
0.1579	0.5017
0.1579	0.5019
0.1579	0.5021
0.1579	0.5023
0.1579	0.5024
0.1579	0.5026
0.1579	0.5028
0.1579	0.5030
0.1579	0.5033
0.1579	0.5034
0.1579	0.5036
0.1579	0.5038
0.1579	0.5040
0.1579	0.5042
0.1579	0.5044
0.1579	0.5046
0.1579	0.5048
0.1579	0.5050
0.1579	0.5052
0.1579	0.5053
0.1579	0.5055
0.1579	0.5057
0.1579	0.5059
0.1579	0.5061
0.1579	0.5063
0.1579	0.5065
0.1579	0.5067
0.1579	0.5069
0.1579	0.5070
0.1579	0.5072
0.1579	0.5074
0.1579	0.5076
0.1579	0.5078
0.1579	0.5080
0.1579	0.5081
0.1579	0.5083
0.1579	0.5085
0.1579	0.5087
0.1579	0.5089
0.1579	0.5091
0.1579	0.5093
0.1579	0.5095
0.1579	0.5097
0.1579	0.5099
0.1579	0.5101
0.1579	0.5102
0.1579	0.5104
0.1579	0.5106
0.1579	0.5108
0.1579	0.5110
0.1579	0.5111
0.1579	0.5113
0.1579	0.5115
0.1579	0.5117
0.1579	0.5119
0.1579	0.5121
0.1579	0.5122
0.1579	0.5124
0.1579	0.5126
0.1526	0.5127
0.1526	0.5128
0.1526	0.5130
0.1447	0.5132
0.1404	0.5134
0.1316	0.5135
0.1303	0.5137
0.1227	0.5138
0.1216	0.5140
0.1184	0.5141
0.1158	0.5143
0.1158	0.5145
0.1119	0.5147
0.1092	0.5149
0.1062	0.5151
0.1053	0.5152
0.1053	0.5154
0.1053	0.5156
0.1053	0.5158
0.1053	0.5160
0.1053	0.5162
0.1053	0.5164
0.1053	0.5166
0.1053	0.5168
0.1053	0.5170
0.1053	0.5172
0.1053	0.5174
0.1053	0.5176
0.1053	0.5178
0.1053	0.5180
0.1053	0.5182
0.1053	0.5184
0.1053	0.5186
0.1053	0.5188
0.1053	0.5190
0.1053	0.5192
0.1053	0.5194
0.1053	0.5195
0.1053	0.5197
0.1053	0.5199
0.1053	0.5201
0.1053	0.5203
0.1053	0.5205
0.1053	0.5207
0.1053	0.5209
0.1053	0.5211
0.1053	0.5213
0.1053	0.5215
0.1053	0.5217
0.1053	0.5219
0.1053	0.5221
0.1053	0.5222
0.1053	0.5224
0.1053	0.5226
0.1053	0.5228
0.1053	0.5230
0.1053	0.5232
0.1053	0.5234
0.1053	0.5236
0.1053	0.5238
0.1053	0.5240
0.1053	0.5241
0.1053	0.5243
0.1053	0.5245
0.1053	0.5247
0.1053	0.5249
0.1053	0.5251
0.1053	0.5253
0.1053	0.5255
0.1053	0.5257
0.1053	0.5258
0.1053	0.5260
0.1053	0.5262
0.1053	0.5264
0.1053	0.5266
0.0921	0.5268
0.0789	0.5269
0.0789	0.5271
0.0789	0.5273
0.0658	0.5275
0.0654	0.5277
0.0614	0.5279
0.0602	0.5281
0.0583	0.5279
0.0574	0.5281
0.0528	0.5283
0.0526	0.5285
0.0368	0.5286
0.0263	0.5288
0.0000	0.5290
0.0000	0.5292
0.0000	0.5295
