Accession	Control-08	Control-09	Control-10	Control-11	Control-12	Control-18	Control-19	Control-20	Lepto-01	Lepto-02	Lepto-03	Lepto-04	Lepto-05	Lepto-06	Lepto-13	Lepto-14	Lepto-15	Lepto-16	Lepto-17
XP_027454972.1_family	1083.5	652.0	545.3	524.3	465.4	434.5	1142.5	877.1	625.4	1412.6	498.5	625.3	1311.6	1665.3	1201.8	946.1	1002.8	780.5	1206.6
XP_027474404.1 (+1)	354.0	183.0	130.0	73.0	64.0	84.0	355.0	20.0	239.0	663.0	130.0	191.0	414.0	440.0	337.0	244.0	360.0	335.0	440.0
XP_027471018.1	192.0	109.0	206.0	88.0	154.0	173.0	314.0	455.0	166.0	39.0	251.0	354.0	160.0	62.0	186.0	280.0	154.0	117.0	197.0
XP_027439418.1	282.0	150.9	146.9	89.0	75.0	75.0	150.0	203.0	168.0	349.0	90.0	112.0	271.0	355.0	231.8	201.0	169.0	223.0	217.0
XP_027439774.1	131.0	102.0	17.0	25.0	21.0	40.0	49.0	112.0	127.0	541.0	105.0	151.0	336.0	433.0	169.0	126.0	291.0	215.0	366.0
XP_027452391.1	114.0	104.0	84.0	24.0	24.0	70.0	56.0	151.0	214.0	67.0	395.0	545.0	307.0	71.0	82.0	430.0	297.0	83.0	236.0
XP_027453370.1 (+1)	85.0	149.0	36.0	58.0	60.0	60.0	32.0	53.0	265.0	177.0	175.0	339.0	288.0	126.0	263.0	265.0	253.0	228.0	269.0
XP_027469914.1	167.0	334.0	329.0	271.0	345.0	223.0	269.0	113.0	158.0	2.0	51.0	95.0	290.0	20.0	28.0	75.0	38.0	35.0	71.0
XP_027450149.1	102.0	116.0	76.0	27.0	26.0	24.0	50.0	115.0	184.9	70.0	258.0	270.0	162.0	65.0	223.0	292.0	164.0	96.0	197.0
XP_027459616.1	218.0	146.0	127.0	115.0	126.0	143.0	153.0	142.0	138.0	76.0	101.0	190.0	124.0	74.0	96.0	94.0	138.0	94.0	175.0
XP_027455602.1	65.0	77.0	39.0	59.0	63.0	62.0	58.0	37.0	193.0	315.0	214.0	155.0	142.0	211.0	187.0	154.0	134.0	158.0	141.0
XP_027436505.1	35.0	86.0	19.0	31.0	39.0	32.0	29.0	50.0	124.0	263.0	160.0	88.0	290.0	404.0	215.0	124.0	172.0	159.0	109.0
XP_027469076.1 (+2)	120.0	249.0	166.0	199.0	255.0	186.0	188.0	102.0	76.0	33.0	83.0	127.0	88.0	38.0	93.0	111.0	130.0	60.0	107.0
XP_027431740.1 (+1)	70.0	29.0	34.0	12.0	27.0	43.0	74.0	98.0	186.0	274.0	179.0	121.0	162.0	215.0	175.0	107.0	222.0	71.0	118.0
XP_027436533.1	112.0	66.0	62.0	62.0	81.0	117.0	120.0	232.0	60.0	148.0	75.0	91.0	126.0	138.0	127.0	113.0	130.0	63.0	192.0
XP_027425890.1	111.0	86.0	62.0	47.0	34.0	61.0	122.0	190.0	102.0	185.0	76.0	74.0	211.0	138.0	152.0	118.0	86.0	99.0	111.0
XP_027459192.1	109.0	99.0	52.0	57.0	56.0	62.0	79.0	92.0	124.0	172.0	112.0	118.0	178.0	168.0	135.0	135.0	104.0	99.0	114.0
XP_027449767.1	7.0	0.0	0.0	0.0	2.0	7.0	21.0	367.0	171.0	21.0	147.0	57.0	153.0	25.0	670.0	297.0	11.0	18.0	59.0
XP_027443046.1	188.0	69.0	78.0	54.0	58.0	40.0	45.0	80.0	87.0	183.0	112.0	130.0	151.0	130.0	124.0	166.0	122.0	87.0	107.0
XP_027427657.1	156.0	152.0	174.0	221.0	175.0	155.0	216.0	80.0	49.0	15.0	60.0	74.0	35.0	13.0	54.0	61.0	35.0	24.0	37.0
EXTRA_0001	85.0	67.0	69.0	74.0	66.0	73.0	89.0	98.0	111.0	115.0	77.0	109.0	95.0	102.0	99.0	76.0	102.0	160.0	115.0
XP_027441761.1 (+1)	51.0	30.0	38.0	6.0	9.0	10.0	13.0	60.0	142.0	36.0	238.0	258.0	198.0	43.0	130.0	151.0	106.0	53.0	141.0
XP_027427972.1	39.0	20.0	16.0	8.0	15.0	13.0	31.0	102.0	274.0	41.0	146.0	162.0	160.0	21.0	140.0	109.0	93.0	72.0	149.0
XP_027460953.1	79.0	134.0	108.0	99.0	122.0	145.0	88.0	68.0	69.0	22.0	90.0	91.0	133.0	36.0	56.0	80.0	45.0	36.0	62.0
XP_027458694.1	154.0	26.0	19.0	5.0	6.0	24.0	35.0	54.0	73.0	132.0	110.0	95.0	132.0	178.0	66.0	53.0	103.0	71.0	125.0
XP_027442793.1 (+3)	114.0	35.0	15.0	6.0	11.0	11.0	97.0	56.0	25.0	175.0	54.0	35.0	133.0	160.0	74.0	57.0	155.0	84.0	149.0
XP_027443479.1	36.0	87.0	51.0	66.0	69.0	59.0	52.0	35.0	91.0	51.0	93.0	95.0	120.0	97.0	58.2	93.0	71.0	52.0	113.0
XP_027429795.1	17.0	25.0	17.0	26.0	17.0	17.0	35.0	9.0	111.0	34.0	572.0	17.0	48.0	45.0	215.0	80.0	20.0	7.0	32.0
XP_027443977.1_family	56.0	56.0	64.0	68.0	54.0	89.0	58.0	31.0	67.0	128.0	81.0	71.0	83.0	118.0	56.0	79.0	47.0	42.0	70.0
XP_027440587.1	43.0	100.0	97.0	190.0	161.0	109.0	154.0	33.0	14.0	10.0	46.0	82.0	18.0	8.0	24.0	53.0	37.0	22.0	34.0
XP_027426194.1	70.0	39.0	38.0	24.0	25.0	35.0	49.0	85.0	35.0	146.0	43.0	50.0	85.0	155.0	66.0	36.0	132.0	32.0	80.0
XP_027455738.1	78.0	60.0	41.0	34.0	37.0	32.0	35.0	101.0	68.0	137.0	33.0	51.0	91.0	80.0	66.0	66.0	58.0	74.0	72.0
XP_027453891.1	31.0	33.0	7.0	13.0	8.0	5.0	7.0	23.0	66.0	277.0	32.0	31.0	91.0	181.0	72.0	39.0	95.0	81.0	81.0
XP_027477087.1_family	78.0	43.0	36.0	31.0	35.0	31.0	65.0	57.0	56.0	49.0	43.0	34.0	63.0	76.0	67.0	64.0	165.0	32.0	116.0
XP_027446461.1	2.0	0.0	0.0	6.0	14.0	8.0	66.0	35.0	82.0	3.0	137.0	17.0	60.0	5.0	444.0	181.0	9.0	5.0	46.0
XP_027471977.1	43.0	34.0	36.0	4.0	17.0	77.0	64.0	120.0	86.0	35.0	117.0	84.0	74.0	39.0	47.0	49.0	58.0	40.0	50.0
XP_027441474.1 (+1)	127.0	89.0	79.0	48.0	51.0	42.0	69.0	27.0	45.0	30.0	48.0	45.0	78.0	39.0	31.0	52.0	40.0	25.0	81.0
XP_027468104.1 (+1)	33.1	47.4	18.1	35.6	85.5	61.7	32.2	43.7	91.0	30.5	106.3	90.7	106.5	26.6	60.1	65.6	38.6	20.7	31.7
XP_027469198.1	73.0	43.0	31.0	12.0	15.0	37.0	111.0	136.0	38.0	63.0	48.0	51.0	55.0	54.0	48.0	41.0	53.0	44.0	58.0
XP_027434694.1	8.0	9.0	9.0	7.0	8.0	17.0	7.0	24.0	136.0	7.0	209.0	122.0	95.0	4.0	116.0	122.0	31.0	8.0	52.0
XP_027467770.1	30.3	46.6	36.4	58.7	56.8	33.3	39.4	27.3	42.1	104.0	20.3	30.9	72.7	91.3	73.3	52.2	54.7	52.4	65.0
XP_027470950.1	99.0	21.0	17.0	11.0	8.0	14.0	74.0	61.0	128.0	52.0	56.0	69.0	68.0	35.0	37.0	66.0	40.0	33.0	76.0
XP_027449050.1 (+2)	55.0	77.0	92.0	71.0	86.0	80.0	80.0	61.0	24.0	15.0	43.0	41.0	26.0	19.0	46.0	53.0	21.0	21.0	27.0
XP_027427655.1	66.0	116.0	50.0	107.0	101.0	64.0	92.0	43.0	32.0	9.0	35.0	33.0	28.0	8.0	19.0	59.0	25.0	18.0	20.0
XP_027435879.1	67.0	84.0	79.0	66.0	58.0	50.0	54.0	49.0	35.0	16.0	46.0	44.0	26.0	6.0	63.0	60.0	38.0	18.0	46.0
XP_027437042.1	42.0	56.0	40.0	61.0	74.0	69.0	54.0	52.0	22.0	61.0	44.0	31.0	60.0	72.0	30.0	33.0	30.0	32.0	32.0
XP_027466490.1	5.0	0.0	0.0	0.0	0.0	13.0	25.0	120.0	76.0	9.0	75.0	41.0	112.0	20.0	238.0	94.0	20.0	9.0	33.0
XP_027442755.1_family	52.0	70.0	78.0	62.0	60.0	34.0	39.0	26.0	33.0	33.0	46.0	39.0	39.0	55.0	50.0	38.0	40.0	33.0	46.0
XP_027455145.1	22.0	23.0	8.0	12.0	6.0	2.0	6.0	21.0	39.0	204.0	26.0	22.0	71.0	134.0	52.0	30.0	65.0	69.0	59.0
XP_027445216.1 (+2)	81.0	134.0	61.0	88.0	152.0	112.0	102.0	89.0	0.0	0.0	6.0	6.0	0.0	1.0	3.0	4.0	0.0	0.0	8.0
XP_027424347.1 (+1)	56.0	64.0	65.0	78.0	82.0	73.0	69.0	39.0	17.0	7.0	37.0	30.0	16.0	11.0	29.0	44.0	22.0	11.0	20.0
XP_027436180.1	37.0	32.0	36.0	15.0	17.0	26.0	13.0	16.0	54.0	11.0	80.0	70.0	76.0	15.0	40.0	84.0	42.0	34.0	48.0
XP_027473785.1	123.0	23.0	11.0	37.0	32.0	28.0	20.0	15.0	58.0	7.0	100.0	52.0	41.0	10.0	39.0	70.0	20.0	15.0	30.0
XP_027460229.1	43.0	7.0	7.0	1.0	0.0	2.0	5.0	12.0	72.0	12.0	124.0	93.0	53.0	6.0	49.0	97.0	65.0	25.0	48.0
XP_027481773.1	35.0	32.0	24.0	27.0	34.0	35.0	25.0	29.0	62.0	59.0	39.0	27.0	58.0	42.0	37.0	41.0	34.0	40.0	39.0
XP_027423360.1	112.0	57.0	90.0	95.0	81.0	81.6	42.0	44.0	9.0	0.0	18.0	20.0	10.0	0.0	7.0	25.9	8.0	4.0	9.0
XP_027437447.1	30.0	27.0	23.0	26.0	32.0	28.0	24.0	26.0	52.0	16.0	76.0	67.0	60.0	12.0	48.0	50.0	34.0	11.0	54.0
XP_027449870.1 (+1)	43.0	31.0	3.0	6.0	10.0	15.0	17.0	10.0	53.0	122.8	4.0	5.0	41.0	110.0	25.0	9.0	59.8	61.6	50.8
XP_027467728.1	16.7	24.4	9.6	12.3	23.2	10.7	17.6	19.7	37.9	69.0	25.7	33.1	45.3	62.7	63.7	43.8	47.3	35.6	45.0
XP_027440639.1	64.0	22.0	24.0	16.0	21.0	19.0	20.0	50.0	34.0	52.0	35.0	35.0	38.0	34.0	36.0	27.0	36.0	21.0	45.0
XP_027473142.1	60.0	99.0	78.0	95.0	83.0	55.0	73.0	35.0	0.0	2.0	4.0	5.0	0.0	4.0	5.0	5.0	6.0	1.0	10.0
XP_027441316.1	32.0	41.0	34.0	46.0	31.0	21.0	31.0	12.0	36.0	25.0	58.0	25.0	34.0	19.0	42.0	62.0	33.0	18.0	19.0
XP_027437311.1	32.4	0.0	0.3	0.0	0.0	0.0	0.2	0.0	192.6	121.4	62.5	30.7	28.0	13.0	19.6	23.2	27.4	23.9	39.4
XP_027442108.1	31.0	79.0	68.0	70.0	63.0	33.0	56.0	23.0	12.0	6.0	19.0	32.0	15.0	5.0	19.0	18.0	20.0	18.0	18.0
XP_027481230.1	53.0	43.0	51.0	57.0	47.0	34.0	44.0	40.0	29.0	14.0	17.0	21.0	32.0	18.0	13.0	28.0	24.0	15.0	23.0
XP_027449689.1	10.0	3.0	3.0	2.0	2.0	3.0	4.0	1.0	80.0	31.0	115.0	61.0	54.0	12.0	43.0	48.0	43.0	8.0	74.0
XP_027460718.1	25.0	31.0	15.0	25.0	32.0	25.0	19.0	28.0	26.0	54.0	24.0	23.0	53.0	55.0	40.0	30.0	34.0	21.0	37.0
XP_027456080.1 (+1)	41.0	26.0	19.0	14.0	20.0	18.0	28.0	35.0	16.0	54.0	18.0	19.0	45.0	56.0	45.0	32.0	38.0	33.0	36.0
XP_027443900.1	26.0	25.0	23.0	17.0	27.0	64.0	26.0	57.0	21.0	6.0	66.0	48.0	38.0	1.0	24.0	47.0	31.0	8.0	26.0
XP_027476536.1	26.0	32.0	16.0	24.0	26.0	21.0	20.0	21.0	46.0	11.0	72.0	52.0	33.0	17.0	36.0	43.0	28.0	14.0	37.0
XP_027435826.1	48.0	47.0	31.0	47.0	50.0	32.0	36.0	28.0	27.0	17.0	33.0	31.0	31.0	14.0	28.0	21.0	15.0	11.0	25.0
XP_027436783.1	4.0	3.0	2.0	3.0	5.0	9.0	33.0	74.0	42.0	16.0	56.0	33.0	59.0	13.0	82.7	78.0	16.0	12.0	21.0
XP_027424323.1 (+1)	38.0	21.0	5.0	2.0	3.0	7.0	10.0	27.0	47.0	40.0	57.0	45.0	67.0	22.0	31.0	47.0	32.0	24.0	29.0
XP_027425177.1	15.0	22.0	11.0	15.0	17.0	14.0	19.0	15.0	46.0	27.0	62.0	38.0	57.0	13.0	57.0	56.0	14.0	19.0	33.0
XP_027423497.1	16.0	12.0	6.0	0.0	8.0	11.0	13.0	12.0	45.0	15.0	115.0	45.0	44.0	15.0	49.0	51.0	28.0	16.0	43.0
XP_027450691.1_family	17.0	26.0	13.0	13.0	33.0	33.0	20.0	31.0	95.0	15.0	54.0	44.0	40.0	13.0	37.0	32.0	10.0	7.0	11.0
XP_027451349.1	45.0	83.0	33.0	71.0	104.0	67.0	43.0	42.0	0.0	0.0	14.0	3.0	2.0	0.0	5.0	18.0	4.0	0.0	7.0
XP_027457158.1	27.2	52.1	6.0	49.2	89.5	70.7	35.4	40.0	27.8	4.0	40.7	23.9	12.2	8.5	13.7	17.3	7.1	2.3	8.6
XP_027469787.1 (+1)	32.0	46.0	30.0	43.0	35.0	40.0	29.0	13.0	32.0	31.0	12.0	23.0	20.0	25.0	18.0	35.0	19.0	18.0	35.0
XP_027475574.1	27.0	17.0	20.0	28.0	30.0	24.0	17.0	18.0	60.0	35.0	46.0	19.0	22.0	35.0	38.0	31.0	18.0	19.0	22.0
XP_027479022.1	13.0	7.0	8.0	12.0	13.0	17.0	18.0	14.0	30.0	29.0	54.0	44.0	41.0	35.0	48.0	49.0	38.0	16.0	38.0
XP_027477231.1 (+1)	33.0	82.0	35.0	76.0	65.0	48.0	39.0	26.0	12.0	3.0	14.0	10.0	12.0	5.0	8.0	19.0	12.0	7.0	15.0
XP_027435683.1	10.0	10.0	11.0	2.0	13.0	11.0	8.0	18.0	38.0	60.0	36.0	21.0	56.0	71.0	49.0	40.0	22.0	22.0	20.0
XP_027457781.1 (+1)	21.0	48.0	61.0	68.0	73.0	80.0	39.0	32.0	3.0	0.0	13.0	15.0	8.0	1.0	12.0	28.0	6.0	3.0	3.0
XP_027430801.1_family	38.0	61.8	15.8	43.8	90.7	74.8	34.8	37.8	0.0	0.0	21.0	4.0	2.0	9.0	2.0	24.0	28.8	5.0	16.0
XP_027452987.1	49.0	78.0	73.0	65.0	69.0	33.0	45.0	27.0	1.0	0.0	4.0	12.0	7.0	0.0	9.0	14.0	0.0	0.0	6.0
XP_027453732.1	29.0	46.0	32.0	44.0	42.0	34.0	33.0	21.0	27.0	10.0	20.0	31.0	23.0	10.0	24.0	20.0	15.0	13.0	18.0
XP_027480774.1_family	25.0	47.0	29.0	36.0	40.0	35.0	32.0	19.0	17.0	11.0	19.0	27.0	26.0	21.0	9.0	23.0	25.0	10.0	34.0
XP_027455736.1_family	10.0	5.0	5.0	3.0	10.0	5.0	5.0	7.0	44.0	22.0	57.0	57.0	49.0	3.0	21.0	62.0	44.0	18.0	50.0
XP_027461237.1	32.0	27.0	24.0	9.0	27.0	39.0	44.0	34.0	22.0	2.0	45.0	27.0	35.0	6.0	21.0	33.0	15.0	13.0	21.0
XP_027426862.1	0.0	0.0	0.0	0.0	0.2	0.0	14.6	9.2	38.6	24.0	55.1	33.7	23.4	0.0	129.4	97.3	7.9	11.5	19.8
XP_027474525.1	68.9	25.8	14.7	10.0	46.0	29.9	30.0	31.0	21.0	2.0	32.0	29.7	11.0	6.0	17.0	30.8	26.8	4.4	25.8
XP_027424506.1	17.0	8.0	7.0	11.0	8.0	6.0	16.0	9.0	52.0	11.0	66.0	35.0	28.0	3.0	26.0	59.0	28.0	4.0	64.0
XP_027428691.1	22.0	35.0	23.0	29.0	43.0	58.0	41.0	26.0	4.0	0.0	12.0	11.0	9.0	6.0	1.0	10.0	110.0	6.0	8.0
XP_027456259.1	43.0	82.0	33.0	49.0	48.0	38.0	64.0	31.0	3.0	0.0	10.0	6.0	5.0	3.0	6.0	13.0	0.0	1.0	17.0
XP_027452914.1_family	12.9	21.1	5.5	19.3	31.6	28.7	13.0	15.9	36.8	7.8	50.7	35.7	30.5	7.8	60.7	42.6	9.3	6.7	14.3
XP_027472397.1	5.0	17.0	0.0	0.0	2.0	0.0	0.0	4.0	1.0	83.0	11.0	6.0	68.0	104.0	25.0	12.0	39.0	31.0	42.0
XP_027436841.1	25.4	0.0	0.3	0.0	0.0	0.0	0.2	0.0	115.8	108.5	55.9	19.6	16.3	14.6	16.3	17.4	7.4	13.9	33.5
XP_027470482.1	28.0	34.0	54.0	62.0	66.0	51.0	43.0	26.0	6.0	2.0	12.0	10.0	10.0	0.0	9.0	17.0	9.0	3.0	3.0
XP_027428777.1	8.0	13.0	3.0	6.0	10.0	11.0	6.0	23.0	59.0	3.0	84.0	30.0	52.0	6.0	49.0	53.0	10.0	2.0	10.0
XP_027476370.1	5.0	17.0	6.0	12.0	17.0	14.0	9.0	34.0	18.0	0.0	21.0	36.0	20.0	4.0	17.0	166.0	24.0	7.0	11.0
XP_027475128.1	42.0	49.0	39.0	38.0	54.0	34.0	33.0	23.0	16.0	1.0	20.0	15.0	13.0	1.0	10.0	22.0	7.0	10.0	8.0
XP_027474320.1	24.0	60.0	6.0	43.0	112.0	84.0	29.0	39.0	0.0	0.0	9.0	0.0	0.0	4.0	0.0	13.0	0.0	1.0	9.0
XP_027475638.1	28.0	44.0	27.0	50.0	56.0	38.0	28.0	15.0	12.0	0.0	24.0	22.0	10.0	0.0	14.0	24.0	13.0	2.0	24.0
XP_027439213.1_family	7.0	0.0	1.0	0.0	0.0	3.0	8.0	16.0	38.0	41.0	40.0	29.0	74.0	37.0	22.0	27.0	29.0	17.0	34.0
XP_027438762.1 (+9)	14.6	21.7	21.6	34.0	28.0	25.0	23.0	13.0	26.0	17.0	38.0	28.0	26.0	5.0	20.0	29.0	14.0	10.0	25.0
XP_027467259.1	29.0	11.0	21.0	4.0	7.0	25.0	34.0	40.0	26.0	12.0	24.0	45.0	23.0	2.0	18.0	54.0	15.0	9.0	17.0
XP_027447627.1	11.0	15.0	11.0	10.0	29.0	27.0	16.0	55.0	50.0	10.0	39.0	17.0	22.0	12.0	33.0	17.0	28.0	4.0	6.0
XP_027469891.1_family	13.0	25.0	15.0	11.0	38.0	39.0	20.0	18.0	40.0	8.0	42.0	27.0	29.0	9.0	24.0	18.0	16.0	5.0	9.0
XP_027475504.1	42.0	18.0	21.0	9.0	21.0	39.0	28.0	25.0	9.0	21.0	8.0	5.0	35.0	27.0	17.0	17.0	15.0	16.0	22.0
XP_027428032.1	19.0	14.0	22.0	9.0	13.0	22.0	29.0	38.0	18.0	6.0	36.0	35.0	20.0	12.0	24.0	29.0	13.0	18.0	16.0
XP_027435502.1	9.0	7.0	6.0	6.0	9.0	7.0	9.0	5.0	21.0	13.0	43.0	88.0	27.0	17.0	25.0	22.0	48.0	4.0	27.0
XP_027462273.1 (+1)	30.0	11.0	5.0	8.0	8.0	10.0	6.0	12.0	27.0	41.0	25.0	20.0	37.0	37.0	22.0	19.0	16.0	20.0	31.0
XP_027459270.1	25.0	39.0	20.0	24.0	34.0	28.0	38.0	27.0	7.0	4.0	13.0	17.0	14.0	10.0	12.0	21.0	15.0	10.0	26.0
XP_027475703.1 (+1)	8.0	16.0	8.0	16.0	20.0	10.0	1.0	7.0	0.0	0.0	19.0	29.0	2.0	3.0	12.0	38.0	185.0	0.0	3.0
XP_027465324.1	12.0	36.0	4.0	9.0	44.0	35.0	17.0	23.0	45.0	7.0	24.0	20.0	27.0	5.0	28.0	19.0	3.0	1.0	6.0
XP_027478978.1_family	0.0	3.0	8.0	0.0	0.0	0.0	1.0	9.0	26.0	25.0	35.0	33.0	13.0	9.0	58.0	59.0	54.0	11.0	20.0
XP_027446943.1	10.0	19.0	6.0	11.0	8.0	11.0	5.0	7.0	52.0	25.0	47.0	24.0	36.0	11.0	23.0	26.0	16.0	9.0	17.0
XP_027426211.1 (+1)	6.0	12.0	5.0	11.0	20.0	12.0	14.0	12.0	31.0	11.0	31.0	42.0	36.0	20.0	29.0	24.0	22.0	6.0	14.0
XP_027439308.1 (+2)	35.0	30.0	25.0	39.0	30.0	33.0	32.0	11.0	15.0	4.0	20.0	17.0	8.0	2.0	10.0	13.0	13.0	8.0	7.0
EXTRA_0003	18.0	17.0	23.0	20.0	19.0	22.0	20.0	17.0	10.0	18.0	11.0	22.0	11.0	14.0	17.0	14.0	18.0	29.0	27.0
XP_027426184.1	17.0	35.0	28.0	45.0	37.0	36.0	26.0	15.0	10.0	0.0	16.0	15.0	19.0	3.0	11.0	17.0	6.0	3.0	8.0
XP_027461502.1	11.0	15.0	18.0	22.0	49.0	47.0	38.0	27.0	18.0	4.0	13.0	17.0	9.0	6.0	15.0	19.0	7.0	5.0	7.0
XP_027471827.1	41.0	38.0	23.0	15.0	26.0	25.0	37.0	23.0	7.0	4.0	13.0	22.0	11.0	7.0	12.0	13.0	12.0	5.0	9.0
XP_027430800.1 (+1)	33.0	27.0	33.0	30.0	41.0	36.0	30.0	17.0	9.0	0.0	14.0	22.0	11.0	0.0	5.0	14.0	7.0	5.0	7.0
XP_027447846.1	2.0	3.6	0.0	0.3	3.0	8.9	1.0	2.0	40.0	0.0	75.6	92.7	57.4	0.0	11.8	36.7	2.7	0.0	2.0
XP_027425741.1 (+1)	14.0	25.0	26.0	51.0	50.0	46.0	24.0	23.0	3.0	0.0	18.0	13.0	2.0	0.0	8.0	14.0	11.0	3.0	7.0
XP_027473608.1 (+2)	25.0	31.0	24.0	28.0	38.0	30.0	24.0	20.0	10.9	2.0	13.0	15.0	12.0	1.0	14.0	19.0	8.0	4.0	16.0
XP_027471822.1	16.0	17.0	23.0	14.0	24.0	23.0	30.0	19.0	20.0	2.0	34.0	8.0	25.0	9.0	11.0	32.0	8.0	8.0	11.0
XP_027432468.1	10.0	9.0	4.0	2.0	15.0	17.0	8.0	36.0	26.0	6.0	27.0	24.0	19.0	6.0	54.0	27.0	13.0	4.0	21.0
XP_027459016.1	12.0	0.0	0.0	0.0	0.0	3.0	12.0	56.0	23.0	8.0	53.9	29.0	32.0	1.0	13.0	32.0	30.0	15.0	5.0
XP_027470067.1	32.6	0.0	0.3	0.0	0.0	0.0	0.2	0.0	99.3	84.5	33.7	7.2	11.3	11.0	15.5	0.8	1.5	4.6	19.8
XP_027478160.1	16.0	8.0	8.0	8.0	9.0	6.0	6.0	2.0	93.0	11.0	27.0	25.0	14.0	3.0	25.0	22.0	20.0	2.0	13.0
XP_027426274.1	2.0	1.0	0.0	2.0	4.0	0.0	2.0	1.0	55.0	5.0	63.0	31.0	45.0	6.0	26.0	31.0	10.0	4.0	25.0
XP_027427175.1	12.0	11.0	4.0	2.0	19.0	11.0	9.0	74.0	46.0	1.0	23.0	12.0	15.0	5.0	35.0	17.0	4.0	3.0	9.0
XP_027466621.1	7.0	6.0	3.0	12.0	20.0	12.0	6.0	16.0	33.0	3.0	41.0	37.0	29.0	3.0	28.0	34.0	8.0	4.0	9.0
XP_027458657.1	23.0	9.0	12.0	0.0	14.0	27.0	42.0	47.0	14.0	10.0	17.0	17.0	9.0	9.0	11.0	16.0	11.0	11.0	7.0
XP_027425134.1 (+1)	19.0	25.0	30.0	35.0	28.0	31.0	16.0	15.0	14.0	1.0	15.0	11.0	9.0	5.0	10.0	14.0	8.0	5.0	11.0
XP_027454801.1	13.0	16.0	13.0	16.0	19.0	9.0	14.0	20.0	23.0	2.0	28.0	24.0	16.0	3.0	24.0	32.0	11.0	8.0	11.0
XP_027445980.1	16.0	1.0	1.0	0.0	0.0	3.0	6.0	54.0	12.0	21.0	23.0	24.0	26.0	14.0	21.0	24.0	16.0	18.0	19.0
XP_027439416.1 (+1)	23.0	12.1	16.1	0.0	0.0	7.0	38.0	24.0	4.0	23.0	8.0	11.0	32.0	26.0	13.0	19.0	12.0	19.0	9.0
XP_027453373.1	21.0	7.0	25.0	28.0	31.0	26.0	22.0	18.0	12.0	5.0	16.2	14.0	6.0	12.0	18.0	12.0	10.0	4.0	8.0
XP_027458998.1	14.0	13.0	8.0	5.0	9.0	14.0	13.0	15.0	23.0	7.0	24.0	26.0	21.0	2.0	23.0	23.0	16.0	16.0	20.0
XP_027425965.1	15.0	33.0	28.0	16.0	20.0	10.0	8.0	20.0	18.0	3.0	13.0	30.0	9.0	2.0	6.0	18.0	18.0	7.0	16.0
XP_027441779.1	18.0	17.0	13.0	22.0	36.0	18.0	27.0	16.0	13.0	4.0	11.0	14.0	6.0	4.0	14.0	20.0	14.0	10.0	12.0
XP_027459613.1	21.0	4.0	0.0	0.0	0.0	2.0	2.0	11.0	17.0	29.0	34.0	21.0	24.0	30.0	17.0	28.0	17.0	8.0	20.0
XP_027453707.1	2.0	9.0	3.0	6.0	10.0	3.0	2.0	5.0	18.0	34.0	4.0	13.0	31.0	37.0	27.0	16.0	19.0	25.0	20.0
XP_027443401.1	14.0	5.0	5.0	1.0	5.0	10.0	26.0	32.0	47.0	2.0	23.0	26.0	25.0	6.0	17.0	15.0	11.0	6.0	7.0
XP_027453317.1	12.0	8.0	21.0	0.0	2.0	7.0	7.0	20.0	14.0	4.0	18.0	26.0	11.0	3.0	14.0	78.0	16.0	9.0	13.0
XP_027481394.1	25.0	24.0	12.0	40.0	62.0	38.0	19.0	17.0	1.0	1.0	9.0	9.0	1.0	1.0	2.0	6.0	4.0	6.0	6.0
XP_027463788.1 (+1)	1.0	5.0	3.0	10.0	4.0	15.0	9.0	9.0	16.0	2.0	47.0	13.5	30.0	2.0	42.0	53.7	6.0	5.0	9.0
XP_027461499.1 (+1)	26.0	23.0	44.0	28.0	38.0	33.0	15.0	11.0	9.0	0.0	8.0	13.0	6.0	0.0	8.0	15.0	0.0	0.0	5.0
XP_027427143.1	3.0	3.0	1.0	2.0	5.7	6.6	6.0	13.0	45.0	7.0	39.0	28.0	44.0	16.0	10.0	28.0	7.0	2.0	7.0
XP_027471841.1	12.0	18.0	14.0	23.0	51.0	36.0	22.0	21.0	11.0	0.0	17.0	9.0	10.0	1.0	11.0	11.0	0.0	4.0	1.0
XP_027481693.1	22.0	39.0	6.0	25.0	52.0	39.0	14.0	23.0	7.0	0.0	9.0	10.0	3.0	3.0	3.0	11.0	2.0	1.0	3.0
XP_027426267.1 (+1)	7.0	6.0	2.0	2.0	2.0	0.0	1.0	0.0	59.0	12.0	47.0	23.0	16.0	3.0	22.0	40.0	9.0	4.0	16.0
XP_027435935.1	10.0	10.0	5.0	3.0	4.0	8.0	4.0	9.0	14.0	26.0	16.0	15.0	36.0	26.0	18.0	12.0	20.0	14.0	20.0
XP_027465426.1 (+2)	10.0	17.0	7.0	11.0	11.0	14.0	14.0	17.0	17.0	1.0	32.0	13.0	16.0	6.0	30.0	27.0	8.0	4.0	11.0
XP_027458493.1	18.0	23.0	25.0	10.0	22.0	51.0	33.0	35.0	2.0	0.0	5.0	8.0	2.0	0.0	4.0	13.0	4.0	1.0	8.0
XP_027432317.1	7.0	7.0	6.0	3.0	6.0	9.0	5.0	36.0	9.0	9.0	15.0	11.0	24.0	24.0	13.0	26.0	17.0	18.0	17.0
XP_027480959.1 (+2)	0.0	0.0	0.0	0.0	0.9	0.3	13.2	22.4	25.6	0.0	37.1	25.8	8.7	0.5	50.9	68.7	0.5	0.0	4.5
XP_027438476.1 (+2)	1.0	2.0	1.0	0.0	3.0	1.0	0.0	9.0	25.8	0.0	37.5	23.7	20.7	0.0	51.6	68.5	11.0	0.0	1.0
XP_027453310.1	21.0	34.0	38.0	44.0	30.0	17.0	19.0	7.0	5.0	3.0	6.0	8.0	3.0	4.0	3.0	4.0	2.0	4.0	4.0
XP_027440598.1 (+1)	20.0	36.0	8.0	16.0	47.0	54.0	28.0	18.0	0.0	0.0	2.0	0.0	0.0	3.0	0.0	6.0	14.0	0.0	3.0
XP_027446836.1	13.0	23.0	11.0	21.0	38.0	25.0	31.0	28.0	0.0	0.0	6.0	5.0	1.0	1.0	4.0	2.0	37.0	0.0	8.0
XP_027452965.1	14.0	1.0	0.0	0.0	0.0	1.0	8.0	48.0	9.0	17.0	17.0	19.0	23.0	11.0	14.0	11.0	25.0	14.0	22.0
XP_027455928.1	9.0	1.0	1.0	0.0	0.0	13.0	12.0	82.0	17.0	2.0	32.0	18.0	11.0	1.0	18.0	18.0	4.0	8.0	4.0
XP_027441910.1	9.0	12.0	15.0	11.0	13.0	13.0	31.0	38.0	17.0	2.0	17.0	10.0	7.0	3.0	17.0	13.0	7.0	4.0	11.0
XP_027458039.1 (+1)	0.9	6.7	3.0	1.0	11.8	6.0	4.9	8.9	34.2	9.9	21.3	29.7	53.9	2.9	13.7	13.8	11.6	10.9	4.9
XP_027470871.1	11.5	11.9	4.7	2.5	6.4	10.4	12.4	8.7	27.2	6.0	14.9	37.3	27.8	7.8	16.2	17.9	14.0	5.0	6.8
XP_027431174.1	27.0	17.0	17.0	11.0	6.0	19.0	12.0	15.0	12.0	1.0	15.0	19.0	12.0	1.0	8.0	19.0	19.0	8.0	8.0
XP_027442515.1 (+1)	19.0	17.0	12.0	7.0	11.0	17.0	14.0	6.0	12.0	1.0	21.0	19.0	18.0	5.0	7.0	20.0	14.0	11.0	15.0
XP_027446187.1	9.0	11.0	7.0	10.0	7.0	4.0	3.0	11.0	22.0	10.0	20.0	24.0	14.0	6.0	26.0	29.0	13.0	8.0	12.0
XP_027473645.1	19.0	13.0	12.0	17.0	5.0	9.0	3.0	6.0	13.0	7.0	36.0	24.0	7.0	3.0	10.0	23.0	14.0	10.0	14.0
XP_027461658.1_family	21.0	6.0	4.0	1.0	4.0	13.0	18.0	58.0	6.0	14.0	11.0	8.0	13.0	10.0	13.0	9.0	16.0	8.0	10.0
XP_027445165.1	0.0	0.0	0.0	0.0	1.0	1.0	11.0	9.0	23.0	1.0	28.0	5.0	5.0	0.0	105.0	43.0	0.0	1.0	9.0
XP_027436377.1	1.0	0.0	0.0	0.0	0.0	0.0	0.0	9.0	19.0	4.0	46.0	5.0	23.0	5.0	32.0	56.0	18.0	5.0	17.0
XP_027480595.1	8.0	3.0	3.0	3.0	4.0	3.0	0.0	0.0	52.0	17.0	27.0	19.0	21.0	5.0	12.0	19.0	13.0	5.0	25.0
XP_027437468.1	9.0	4.0	4.0	6.0	9.0	6.0	6.0	10.0	7.0	25.0	5.0	6.0	41.0	32.0	14.0	10.0	18.0	13.0	13.0
XP_027465538.1	20.0	30.0	23.0	23.0	22.0	27.0	21.0	5.0	4.0	0.0	10.0	13.0	7.0	5.0	3.0	13.0	7.0	3.0	2.0
XP_027433493.1	8.0	30.0	0.0	19.0	50.0	28.0	13.0	18.5	1.0	0.0	24.6	4.0	9.0	1.0	12.0	14.0	1.0	1.0	2.0
XP_027445447.1_family	2.0	7.0	3.0	4.0	9.0	4.0	6.0	5.0	54.0	6.0	31.0	13.0	11.0	5.0	30.0	19.0	8.0	4.0	15.0
XP_027455616.1	20.0	5.0	16.0	9.0	16.0	24.0	9.0	4.0	12.0	12.0	6.0	13.0	9.0	19.0	12.0	6.0	23.0	7.0	12.0
XP_027433683.1	12.0	23.0	21.0	24.0	19.0	16.0	21.0	9.0	7.0	6.0	10.0	9.0	8.0	5.0	8.0	12.0	7.0	6.0	9.0
XP_027461311.1	12.0	7.0	6.0	6.0	7.0	3.0	7.0	10.0	12.0	12.0	29.0	12.0	22.0	14.0	13.0	19.0	12.0	9.0	19.0
XP_027436856.1	7.7	0.0	0.0	0.0	0.0	0.0	0.0	0.0	78.6	19.5	37.9	16.2	11.3	3.4	19.5	11.0	8.7	3.5	12.8
XP_027432045.1	6.0	0.0	0.0	0.0	0.0	4.0	0.0	28.0	17.0	4.0	51.0	13.0	13.0	3.0	34.3	35.0	9.0	5.0	7.0
XP_027468094.1	16.0	8.0	10.0	6.0	21.0	28.0	30.0	22.0	10.0	3.0	11.0	10.0	8.0	2.0	11.0	12.0	8.0	2.0	9.0
XP_027475354.1	11.0	5.0	7.0	0.0	5.0	15.0	19.0	26.0	10.0	6.0	14.0	17.0	16.0	5.0	13.0	22.0	13.0	7.0	14.0
XP_027472423.1	1.0	5.0	3.0	3.0	2.0	11.0	11.0	10.0	36.0	6.0	41.0	34.0	21.0	6.0	6.0	12.0	9.0	3.0	4.0
XP_027465270.1 (+26)	0.0	1.0	0.0	0.0	0.0	2.0	0.0	2.0	19.0	0.0	52.6	49.0	24.0	0.0	36.0	34.0	2.0	0.0	2.0
XP_027468048.1	17.0	10.0	7.0	6.0	8.0	10.0	19.0	13.0	12.0	11.0	8.0	5.0	18.0	11.0	24.0	7.0	13.0	13.0	11.0
XP_027478681.1 (+3)	10.0	8.0	8.0	0.0	8.0	11.0	18.0	19.0	3.0	5.0	14.0	22.0	36.0	8.0	7.0	16.0	10.0	6.0	13.0
XP_027461474.1	2.0	3.0	3.0	8.0	2.0	3.0	1.0	4.0	9.0	34.0	9.0	8.0	31.0	19.0	25.0	14.0	19.0	9.0	14.0
XP_027481586.1	9.0	3.0	0.0	1.0	2.0	8.0	5.0	10.0	17.0	19.0	21.0	15.0	20.0	13.0	19.0	14.0	9.0	11.0	17.0
XP_027432831.1 (+3)	18.0	11.0	10.0	2.0	6.0	13.0	18.0	20.0	14.0	3.0	15.0	12.0	10.0	2.0	12.0	16.0	16.0	3.0	11.0
XP_027467263.1 (+1)	6.4	7.3	0.0	0.0	8.3	14.8	5.2	14.4	20.7	8.0	21.7	17.6	17.1	16.7	18.5	10.4	11.8	4.8	7.5
XP_027472262.1	1.0	2.0	0.0	0.0	0.0	2.0	1.0	1.0	34.0	8.0	31.0	17.0	18.0	3.0	26.0	30.0	9.0	6.0	21.0
XP_027444006.1	0.0	0.0	0.0	0.0	0.0	0.0	21.7	8.0	35.4	8.0	28.3	16.3	12.6	8.0	33.5	19.1	5.0	5.0	8.0
XP_027435358.1	6.0	16.0	8.0	8.0	18.0	14.0	8.0	12.0	17.0	0.0	31.0	7.0	13.0	2.0	23.0	11.0	4.0	1.0	9.0
XP_027452874.1	2.0	3.0	3.0	0.0	2.0	4.0	4.0	12.0	67.0	4.0	22.0	16.0	10.0	5.0	13.0	15.0	10.0	4.0	12.0
XP_027468508.1	9.0	13.0	6.0	7.0	11.0	9.0	9.0	7.0	6.0	19.0	16.0	10.0	11.0	22.0	10.0	10.0	13.0	5.0	15.0
XP_027482195.1	6.0	0.0	0.0	0.0	0.0	0.0	0.0	0.0	30.0	10.0	38.0	15.0	19.0	7.0	26.0	20.0	14.0	1.0	21.0
XP_027428571.1 (+1)	2.0	10.0	7.0	19.0	3.0	3.0	1.0	7.0	1.0	28.0	8.0	3.0	20.0	32.0	16.0	7.0	13.0	11.0	15.0
XP_027434975.1	9.0	3.0	12.0	2.0	4.0	11.0	21.0	27.0	10.0	5.0	11.0	18.0	9.0	5.0	11.0	17.0	13.0	4.0	13.0
XP_027467719.1	9.0	14.0	11.0	14.0	13.0	18.0	6.0	26.0	24.0	3.0	19.0	5.0	10.0	4.0	16.0	9.0	2.0	1.0	1.0
XP_027449096.1	5.0	0.0	1.0	0.0	3.0	4.0	2.0	3.0	28.8	1.0	24.3	20.8	38.5	2.0	15.8	32.8	8.0	4.3	10.0
XP_027447624.1	8.0	7.0	2.0	4.0	6.0	14.0	9.0	27.9	23.0	4.8	24.5	14.0	16.6	6.7	8.5	13.0	6.0	1.0	7.0
XP_027427518.1	3.0	5.0	1.0	2.0	7.0	13.0	13.0	18.0	25.0	2.0	26.0	13.0	19.0	2.0	25.0	12.0	7.0	3.0	7.0
XP_027453163.1	28.0	22.0	35.0	17.0	25.0	16.0	12.0	4.0	3.0	0.0	3.0	6.0	4.0	0.0	2.0	21.0	2.0	1.0	1.0
XP_027455037.1	13.8	11.3	12.3	9.1	13.1	7.9	22.8	37.4	6.0	0.0	16.3	14.0	2.0	1.0	11.4	9.0	7.0	3.8	3.5
XP_027456771.1	8.5	12.0	7.6	24.7	30.0	19.0	0.0	0.0	1.5	0.0	32.3	18.0	0.0	0.0	11.0	19.2	5.5	2.0	10.0
XP_027442399.1 (+3)	0.0	0.0	0.0	0.0	0.0	0.0	0.0	0.0	40.0	8.0	30.0	1.0	19.0	4.0	55.0	28.0	2.0	1.0	12.0
XP_027459663.1	11.0	16.0	7.0	9.0	41.0	24.9	10.0	20.9	5.0	0.0	11.0	7.0	12.0	0.0	7.0	9.0	1.0	2.0	5.0
XP_027475014.1 (+1)	10.0	7.0	4.0	6.0	13.0	23.0	19.0	19.0	9.0	3.0	18.0	11.0	7.0	0.0	13.0	15.0	8.0	4.0	9.0
XP_027457023.1	13.0	17.0	4.0	8.0	15.0	14.0	16.0	19.0	2.0	0.0	19.0	24.0	17.0	2.0	9.0	16.0	1.0	0.0	1.0
XP_027478563.1	11.0	6.0	10.0	7.0	10.0	7.0	13.0	8.0	9.0	7.0	9.0	12.0	11.0	8.0	12.0	15.0	18.0	8.0	16.0
XP_027481358.1	0.0	0.0	0.0	0.0	0.9	0.3	20.8	20.4	9.3	10.0	27.9	13.1	5.2	0.5	28.2	35.2	7.1	6.5	10.5
XP_027450391.1	12.0	22.0	2.0	3.0	17.0	11.0	6.0	10.0	9.0	2.0	23.0	25.0	17.0	3.0	14.0	13.0	3.0	1.0	2.0
XP_027462972.1	9.0	12.0	8.0	20.0	14.0	8.0	8.0	8.0	14.0	3.0	8.0	15.0	15.0	1.0	6.0	21.0	11.0	2.0	12.0
XP_027475200.1	18.9	2.0	11.0	0.0	1.0	29.0	22.0	34.0	15.0	0.0	9.0	13.0	10.0	0.0	3.0	11.0	6.0	4.0	6.0
XP_027450745.1	11.7	21.7	3.7	8.7	16.4	23.0	9.7	14.7	16.7	2.7	11.7	5.4	8.7	6.7	10.7	10.4	2.7	1.7	6.7
XP_027463881.1	4.8	20.6	0.0	4.0	19.6	18.6	5.6	2.7	20.2	2.0	13.3	13.1	27.3	6.5	12.4	12.7	2.9	2.7	3.4
XP_027473267.1	5.0	7.9	0.0	0.0	21.0	20.0	9.5	10.0	20.6	0.0	35.4	20.7	14.9	2.0	4.0	8.3	9.0	1.0	2.0
XP_027443796.1 (+1)	12.0	10.0	11.0	11.0	9.0	6.0	7.0	11.0	12.0	10.0	12.0	8.0	21.0	7.0	8.0	19.0	7.0	5.0	4.0
XP_027449903.1	16.0	13.0	10.0	8.5	0.0	29.0	16.0	9.0	3.5	5.0	6.0	9.0	9.6	9.6	7.3	5.7	14.0	10.0	7.0
XP_027477289.1 (+1)	5.0	0.0	0.0	0.0	0.0	0.0	0.0	0.0	50.0	3.0	33.0	16.0	20.0	2.0	16.0	16.0	5.0	1.0	21.0
XP_027424931.1	8.0	1.0	0.0	1.0	1.0	1.0	1.0	4.0	19.0	18.0	13.0	7.0	27.0	16.0	16.0	11.0	10.0	18.0	14.0
XP_027430135.1	11.0	3.0	5.0	0.0	3.0	6.0	10.0	15.0	12.0	2.0	12.0	18.0	7.0	3.0	13.0	28.0	14.0	11.0	13.0
XP_027466181.1	10.0	0.0	13.0	1.0	3.0	17.0	9.0	25.0	7.0	12.0	6.0	20.0	11.0	8.0	4.0	7.0	10.0	11.0	12.0
XP_027471337.1 (+1)	7.3	7.2	9.3	10.0	8.0	14.9	11.0	11.0	10.0	3.0	16.0	11.0	13.0	3.0	9.0	12.0	10.0	8.0	11.0
XP_027435548.1	12.0	16.0	22.0	19.0	17.0	28.0	19.0	12.0	2.0	0.0	3.0	8.0	3.0	1.0	2.0	9.0	3.0	3.0	5.0
XP_027433126.1 (+1)	13.0	18.0	15.0	14.0	13.0	12.0	16.0	10.0	7.0	1.0	9.0	12.0	7.0	0.0	3.0	12.0	6.0	4.0	10.0
XP_027435728.1 (+1)	6.0	8.0	9.0	10.0	11.0	13.0	9.0	6.0	7.0	5.0	9.0	25.0	11.0	2.0	6.0	12.0	10.0	9.0	13.0
XP_027462463.1	10.0	4.0	11.0	10.0	12.0	19.0	3.0	3.0	14.0	2.0	20.0	11.0	13.0	1.0	12.0	12.0	7.0	8.0	9.0
XP_027431822.1	12.0	20.0	12.0	18.0	15.0	17.0	17.0	8.0	13.0	2.0	12.0	4.0	6.0	1.0	7.0	4.0	4.0	0.0	6.0
XP_027436838.1	8.0	4.6	0.5	2.0	10.5	10.7	16.0	24.8	13.7	0.0	25.8	8.9	12.8	3.0	6.6	16.5	2.7	7.0	1.0
XP_027428797.1	27.0	19.0	20.0	16.0	15.0	20.0	13.0	7.0	1.0	0.0	4.0	13.0	2.0	0.0	2.0	8.0	2.0	2.0	4.0
XP_027459299.1	10.0	10.0	10.0	13.0	2.0	10.0	6.0	6.0	10.0	0.0	26.0	15.0	10.0	0.0	5.0	22.0	5.0	4.0	9.0
XP_027472365.1	0.0	4.0	0.0	0.0	1.3	0.0	3.0	4.0	40.9	4.0	24.7	21.8	25.7	7.0	13.9	7.0	10.0	2.0	3.0
XP_027455517.1	14.0	29.0	1.0	15.0	29.0	26.0	21.0	11.0	0.0	0.0	1.0	0.0	1.0	0.0	0.0	3.0	16.0	0.0	3.0
XP_027475311.1	6.0	1.0	1.0	0.0	3.0	5.0	3.0	17.0	27.0	0.0	37.0	5.0	23.0	0.0	21.0	14.0	1.0	2.0	4.0
XP_027440773.1	13.0	9.3	5.3	13.3	33.0	30.3	32.3	13.3	0.0	0.0	0.0	0.0	0.0	0.0	0.0	0.0	20.3	0.0	0.0
XP_027477840.1	13.0	5.0	3.0	4.0	5.0	4.0	6.0	14.0	8.0	0.0	27.0	18.0	14.0	0.0	10.0	23.0	3.0	6.0	6.0
XP_027477796.1	9.0	17.0	12.0	15.0	15.0	15.9	9.0	2.0	3.0	1.0	12.0	9.0	17.0	2.0	7.0	17.8	3.0	0.0	1.0
XP_027431765.1	7.0	21.0	2.0	3.0	15.0	11.0	5.0	13.0	8.0	1.0	21.0	23.0	10.0	1.0	8.0	16.0	0.0	1.0	1.0
XP_027454613.1	2.0	5.0	3.0	2.0	12.0	13.0	5.0	4.0	22.0	0.0	16.0	3.0	4.0	0.0	0.0	1.0	74.0	0.0	1.0
XP_027463195.1	4.0	6.0	4.0	7.0	7.0	10.0	4.0	3.0	10.0	8.0	11.0	16.0	14.0	5.0	20.0	15.0	8.0	5.0	10.0
XP_027469971.1 (+2)	19.0	23.0	15.0	20.0	24.0	15.0	14.0	7.0	0.0	0.0	6.0	5.0	1.0	1.0	4.0	4.0	1.0	0.0	8.0
XP_027479575.1	2.0	4.0	0.0	2.0	6.0	6.0	10.0	2.0	29.0	3.0	30.0	18.0	14.0	3.0	15.0	11.0	4.0	1.0	7.0
XP_027453328.1_family	1.0	0.0	0.0	0.0	0.0	0.0	1.0	7.0	29.0	5.0	25.0	11.0	13.0	1.0	38.0	23.0	2.0	1.0	9.0
XP_027465354.1	9.0	22.0	2.0	11.0	37.0	23.0	15.0	8.0	0.0	0.0	2.0	5.0	1.0	0.0	0.0	8.0	22.0	0.0	0.0
XP_027435513.1	13.0	18.0	8.0	15.0	11.0	7.0	20.0	17.0	2.0	1.0	4.0	7.0	6.0	5.0	8.0	10.0	3.0	3.0	6.0
XP_027441032.1	0.0	1.0	0.0	1.0	3.0	2.0	0.0	0.0	27.0	3.0	26.0	27.0	18.0	1.0	15.0	21.0	4.0	2.0	13.0
XP_027459671.1	10.0	10.0	0.0	4.0	13.0	12.0	11.0	15.4	16.0	1.0	16.4	13.0	15.0	8.0	5.0	9.0	3.0	1.0	1.0
XP_027434478.1	2.3	7.6	2.7	1.0	9.6	12.6	5.7	6.5	48.1	1.0	12.7	6.5	10.8	5.0	10.6	8.6	6.0	0.0	5.8
XP_027441922.1 (+1)	13.0	12.0	6.0	1.0	8.0	16.0	20.0	16.0	3.0	8.0	5.0	7.0	8.0	8.0	7.0	10.0	5.0	7.0	3.0
XP_027476813.1_family	5.3	7.1	5.1	2.3	10.9	9.1	7.3	9.9	35.1	1.8	17.7	13.3	7.5	1.0	14.5	6.3	4.3	0.8	3.5
XP_027442344.1 (+1)	1.0	0.0	1.0	1.0	1.0	0.0	1.0	4.0	10.0	17.0	8.0	15.0	29.0	17.0	11.0	11.0	9.0	5.0	20.0
XP_027467284.1	2.0	1.0	0.0	0.0	4.0	2.0	2.0	5.0	31.0	3.0	32.0	8.0	11.0	2.0	17.0	25.0	3.0	2.0	10.0
XP_027474675.1	10.0	14.0	13.0	12.0	16.0	11.0	26.0	25.0	4.0	0.0	7.0	9.0	2.0	2.0	2.0	4.0	1.0	0.0	2.0
XP_027474947.1	14.0	18.0	4.0	8.0	26.0	19.0	24.0	18.0	0.0	0.0	7.0	4.0	0.0	0.0	1.0	5.0	9.0	0.0	3.0
XP_027472409.1	9.6	20.7	5.0	6.0	40.4	21.1	15.7	18.5	0.0	0.0	5.0	0.0	1.0	0.0	0.0	12.5	0.0	0.0	4.3
XP_027437536.1	3.0	6.0	2.0	2.0	4.0	8.0	8.0	13.0	20.0	3.0	14.0	12.0	9.0	3.0	14.0	19.0	8.0	5.0	6.0
XP_027462696.1	2.0	0.0	0.0	1.0	2.0	2.0	3.0	18.0	18.0	1.0	17.0	11.0	12.0	3.0	17.0	26.0	11.0	2.0	12.0
XP_027467096.1 (+1)	0.0	0.0	0.0	0.0	0.0	0.0	1.0	1.0	24.0	1.0	38.0	13.0	4.0	0.0	41.0	32.0	1.0	1.0	1.0
XP_027456773.1	8.5	8.0	11.4	12.3	20.0	19.0	22.0	33.0	1.5	0.0	2.7	6.0	4.0	0.0	0.0	3.8	5.5	0.0	0.0
XP_027436019.1	14.0	12.0	10.0	11.0	17.0	20.0	14.0	8.0	2.0	0.0	7.0	5.0	5.0	2.0	3.0	5.0	7.0	5.0	7.0
XP_027443581.1 (+1)	7.0	3.0	2.0	0.0	11.0	11.0	20.0	25.0	13.0	0.0	21.0	10.0	6.0	0.0	3.0	13.0	1.0	6.0	2.0
XP_027462990.1	9.0	27.0	17.0	21.0	19.0	21.0	16.0	11.0	1.0	1.0	1.0	4.0	1.0	0.0	1.0	1.0	2.0	0.0	1.0
XP_027463997.1	13.0	10.0	4.0	4.0	10.0	9.0	7.0	4.0	18.0	0.0	19.0	11.0	5.0	1.0	16.0	11.0	2.0	3.0	7.0
XP_027429283.1	7.0	6.0	8.0	3.0	5.0	4.0	6.0	7.0	10.0	4.0	14.0	19.0	12.0	3.0	7.0	11.0	11.0	7.0	9.0
XP_027445634.1	3.0	23.0	0.0	17.0	39.0	35.0	7.0	16.0	0.0	0.0	2.0	5.0	0.0	0.0	0.0	6.0	0.0	0.0	0.0
XP_027473595.1	3.0	0.0	2.0	2.0	0.0	1.0	0.0	0.0	16.0	0.0	44.0	12.0	9.0	2.0	10.0	22.0	15.0	0.0	15.0
XP_027469250.1	4.0	9.0	3.0	1.0	4.0	8.0	9.0	21.0	12.0	0.0	16.0	23.0	9.0	1.0	8.0	13.0	5.0	3.0	3.0
XP_027430366.1	4.0	8.0	3.0	2.0	8.0	5.0	10.0	22.0	9.0	5.0	10.0	7.0	18.0	5.0	13.0	9.0	6.0	5.0	2.0
XP_027468946.1	4.0	7.0	10.0	14.0	6.0	7.0	9.0	2.0	7.0	1.0	14.0	7.0	9.0	1.0	16.0	9.0	12.0	5.0	11.0
XP_027478121.1	7.0	10.0	8.0	6.0	18.4	17.0	12.4	9.0	6.0	1.0	17.0	12.0	10.0	2.0	5.0	3.0	4.0	1.0	2.0
XP_027473916.1	3.0	8.0	2.0	0.0	10.0	17.0	11.0	11.0	18.0	2.0	14.0	10.0	12.0	2.0	3.0	7.0	19.0	1.0	0.0
XP_027430444.1 (+1)	0.0	0.0	0.0	0.0	0.0	0.0	2.0	10.0	6.2	1.0	32.5	12.8	9.3	1.0	42.4	21.8	4.0	0.0	7.0
XP_027423293.1	0.0	0.0	1.0	1.0	0.0	0.0	1.0	0.0	22.0	12.0	4.0	22.0	48.0	2.0	0.0	16.0	11.8	4.0	5.0
XP_027450975.1	10.0	18.0	15.0	8.0	21.0	13.0	12.0	3.0	7.0	1.0	3.0	6.0	8.0	6.0	2.0	6.0	3.0	0.0	7.0
XP_027472545.1	8.0	10.0	9.0	12.0	11.0	5.0	7.0	5.0	8.0	3.0	14.0	9.0	6.0	2.0	15.0	13.0	2.0	3.0	7.0
XP_027472834.1 (+1)	14.0	18.0	10.0	18.0	18.0	16.0	13.0	15.0	1.0	0.0	9.0	0.0	4.0	1.0	6.0	6.0	0.0	0.0	0.0
XP_027468898.1	8.0	9.0	13.0	12.0	15.0	9.0	9.0	7.0	7.0	4.0	5.0	8.0	5.0	2.0	8.0	10.0	7.0	2.0	8.0
XP_027428841.1	3.0	0.0	0.0	0.0	0.0	0.0	0.0	2.0	6.0	25.0	12.0	15.0	10.0	2.0	21.0	15.0	24.4	2.0	10.0
XP_027439195.1 (+1)	11.0	14.0	13.0	14.0	17.0	22.0	13.0	5.0	3.0	1.0	0.0	9.0	3.0	0.0	1.0	9.0	4.0	3.0	5.0
XP_027430539.1	13.0	13.0	13.0	10.0	15.0	16.0	13.0	18.0	0.0	4.0	0.0	10.0	0.0	0.0	9.0	2.0	10.0	0.0	0.0
XP_027431163.1	12.0	10.0	15.0	21.0	22.0	18.0	12.0	8.0	2.0	1.0	5.0	5.0	1.0	0.0	4.0	3.0	3.0	1.0	3.0
XP_027454171.1	3.0	10.0	0.0	2.0	12.0	10.0	4.0	23.0	20.0	0.0	23.0	13.0	12.0	0.0	7.0	1.0	5.0	0.0	0.0
XP_027435477.1	6.0	8.0	2.0	1.0	7.0	8.0	5.0	10.0	23.0	2.0	21.0	11.0	9.0	2.0	12.0	10.0	2.0	0.0	5.0
XP_027451046.1 (+1)	0.0	0.0	0.0	0.0	0.0	0.0	0.0	3.0	23.0	4.0	26.0	12.0	19.0	3.0	19.0	29.0	2.0	0.0	4.0
XP_027475581.1	5.0	12.5	15.5	12.4	30.1	18.1	15.1	7.0	2.0	0.0	5.0	4.0	0.0	0.0	2.0	11.0	1.0	2.0	1.0
XP_027470155.1	9.0	12.0	10.0	9.0	22.0	17.0	15.0	16.0	0.0	1.0	2.0	3.0	3.0	2.0	1.0	9.0	4.0	4.0	4.0
XP_027426193.1_family	2.1	6.4	1.7	1.4	6.4	12.1	14.8	5.1	32.9	0.0	22.2	13.1	6.7	0.7	4.7	5.7	3.1	0.7	2.1
XP_027426400.1 (+1)	8.0	20.0	0.0	3.0	21.0	15.0	11.0	5.0	9.0	0.0	26.0	9.0	2.0	0.0	3.0	8.0	0.0	0.0	1.0
XP_027437980.1	9.0	12.0	14.0	8.0	14.0	26.0	8.0	9.0	5.0	0.0	7.0	11.0	1.0	1.0	1.0	5.0	2.0	3.0	5.0
XP_027438316.1	1.0	7.0	0.0	0.0	4.0	3.0	1.0	3.0	23.0	7.0	22.0	22.0	19.0	4.0	6.0	7.0	6.0	3.0	3.0
XP_027451634.1	7.0	3.0	1.0	5.0	5.0	7.0	6.0	5.0	5.0	0.0	20.0	15.0	16.0	3.0	8.0	8.0	10.0	4.0	13.0
XP_027475373.1 (+1)	13.0	10.5	15.5	13.6	12.9	14.9	12.9	9.0	6.0	0.0	8.0	5.0	3.0	0.0	3.0	9.0	3.0	0.0	1.0
XP_027427656.1	1.1	7.9	5.9	1.2	11.1	9.3	11.4	9.3	16.0	2.0	12.2	17.3	10.1	2.4	11.4	5.3	2.2	1.0	3.0
XP_027459184.1	6.0	14.0	1.0	5.0	31.0	20.0	10.0	10.0	0.0	0.0	0.0	0.0	1.0	0.0	0.0	3.0	35.0	1.0	2.0
XP_027436378.1	0.0	0.0	0.0	0.0	0.0	0.0	0.0	0.0	51.2	8.3	27.0	8.4	10.1	0.0	9.1	7.4	6.5	0.0	10.5
XP_027425332.1	4.0	6.0	0.0	0.0	2.0	1.0	1.0	3.0	13.0	2.0	20.7	24.0	13.7	9.0	15.0	16.0	7.0	1.0	0.0
XP_027450394.1	2.0	3.0	6.0	2.0	15.0	23.0	9.0	14.0	11.0	1.0	12.0	8.0	8.0	0.0	9.0	8.0	1.0	0.0	6.0
XP_027474811.1	0.0	1.1	2.1	1.2	2.2	4.3	10.3	7.2	42.4	0.0	29.4	15.3	3.2	2.4	4.2	6.4	5.5	0.0	0.0
XP_027436133.1	1.0	0.0	0.0	0.0	0.0	0.0	0.0	0.0	24.0	0.0	24.0	7.0	14.0	1.0	28.0	14.0	4.0	0.0	20.0
XP_027443654.1	8.0	15.0	19.0	15.0	16.0	20.0	10.0	20.0	1.0	0.0	2.0	5.0	0.0	0.0	0.0	6.0	0.0	0.0	0.0
XP_027482011.1	1.0	1.0	0.0	1.0	0.0	2.0	2.0	2.0	31.0	13.0	29.0	8.0	8.0	6.0	9.0	8.0	4.0	0.0	12.0
XP_027435148.1	7.0	11.5	9.5	13.0	11.0	13.0	6.0	3.0	4.0	0.0	12.0	5.0	5.0	4.0	7.0	15.0	3.0	2.0	6.0
XP_027473938.1	8.0	5.0	3.0	6.0	18.0	21.0	11.0	22.0	1.0	0.0	6.0	6.0	6.0	0.0	7.0	8.0	3.0	3.0	2.0
XP_027476940.1 (+3)	7.0	17.0	14.0	16.0	15.0	7.0	12.0	3.0	1.0	5.0	0.0	2.0	3.0	15.0	8.0	3.0	2.0	3.0	3.0
XP_027439002.1	4.0	19.0	10.0	12.0	23.0	14.0	10.0	3.0	11.0	0.0	5.0	3.0	5.0	4.0	1.0	5.0	0.0	0.0	4.0
XP_027440893.1	6.0	0.0	7.0	5.0	6.0	5.0	3.0	0.0	20.0	3.0	15.0	14.0	11.0	3.0	13.0	15.0	4.0	1.0	2.0
XP_027442107.1	7.0	9.0	9.0	17.0	10.0	6.0	10.0	6.0	5.0	1.0	5.0	11.0	4.0	1.0	5.0	7.0	9.0	5.0	4.0
XP_027429389.1	16.0	13.0	22.0	18.0	8.0	10.0	11.0	7.0	0.0	0.0	5.0	2.0	0.0	0.0	3.0	7.0	8.0	0.0	0.0
XP_027440792.1 (+1)	11.0	21.0	2.0	8.0	29.0	26.0	8.0	9.0	3.0	0.0	7.0	2.0	1.0	0.0	1.0	1.0	0.0	0.0	1.0
XP_027468143.1	4.0	12.0	11.0	14.0	19.0	4.0	4.0	1.0	4.0	2.0	5.0	10.0	9.0	14.0	3.0	3.0	4.0	1.0	4.0
XP_027437462.1_family	0.0	1.0	0.0	1.0	1.0	3.0	2.0	7.0	16.0	6.0	16.0	16.0	17.0	1.0	16.0	13.0	2.0	6.0	3.0
XP_027429315.1	5.0	22.0	26.0	20.0	13.0	6.0	8.0	2.0	3.0	0.0	3.0	4.0	2.0	0.0	2.0	3.0	1.0	3.0	3.0
XP_027458536.1	6.0	7.0	6.0	6.0	1.0	3.0	2.0	3.0	6.0	1.0	15.0	11.0	4.0	1.0	6.0	4.0	30.0	1.0	13.0
XP_027467766.1	5.0	5.0	6.0	1.0	3.0	5.0	4.0	4.0	7.0	5.0	13.0	9.0	10.0	2.0	6.0	14.0	6.0	3.0	18.0
XP_027482215.1	7.0	12.0	12.0	8.0	16.0	18.0	6.0	8.0	3.0	0.0	6.0	7.0	4.0	0.0	1.0	3.0	10.0	2.0	3.0
XP_027449765.1	1.0	7.0	0.0	0.0	0.0	2.0	0.0	0.0	4.0	26.2	0.0	5.0	10.0	27.0	0.0	3.0	14.2	16.4	10.2
XP_027462718.1	2.0	2.0	1.0	1.0	2.0	2.0	1.0	12.0	10.0	3.0	18.0	11.0	7.0	3.0	15.0	12.0	7.0	4.0	12.0
XP_027479886.1 (+1)	9.0	11.0	8.0	5.0	8.0	3.0	5.0	1.0	12.0	1.0	14.0	10.0	9.0	1.0	4.0	15.0	2.0	0.0	7.0
XP_027480559.1	2.0	11.0	0.0	6.0	32.0	27.0	14.0	13.0	0.0	0.0	0.0	0.0	0.0	0.0	0.0	1.0	19.0	0.0	0.0
XP_027466032.1_family	0.3	1.2	0.0	0.6	1.9	1.2	0.0	3.9	33.6	4.2	13.3	10.0	14.8	3.6	15.3	12.4	1.6	2.9	3.7
XP_027471764.1_family	2.0	9.7	1.5	1.5	6.7	2.1	3.6	5.0	20.9	0.6	26.7	21.0	7.8	1.5	3.0	5.2	3.3	0.0	1.7
XP_027472812.1	2.0	0.0	0.3	0.0	0.0	0.0	0.2	0.0	61.4	47.8	5.0	0.5	0.3	0.7	0.7	1.1	1.5	0.0	1.0
XP_027449191.1	9.0	5.0	5.0	3.0	0.0	5.0	8.0	11.0	8.0	3.0	12.0	7.0	6.0	7.0	7.0	6.0	5.0	2.0	12.0
XP_027447042.1 (+1)	2.4	7.7	0.9	3.7	10.8	7.7	4.8	8.6	15.9	3.7	13.2	13.5	8.6	3.7	4.8	7.7	2.7	0.0	0.0
XP_027428199.1	6.0	11.0	6.0	6.0	9.0	14.0	7.0	7.0	6.0	0.0	8.0	7.0	10.0	8.0	0.0	9.0	0.0	1.0	5.0
XP_027452654.1_family	0.0	6.0	6.0	10.0	5.0	2.0	4.0	0.0	1.0	0.0	3.0	7.0	1.0	0.0	5.0	12.0	58.0	0.0	0.0
XP_027431660.1	9.0	15.0	5.0	12.0	21.0	10.0	9.0	10.0	2.0	0.0	4.0	2.0	2.0	1.0	0.0	4.0	6.0	0.0	7.0
XP_027475258.1 (+1)	6.0	16.0	11.0	19.0	19.0	20.0	15.0	7.0	0.0	0.0	0.0	2.0	0.0	0.0	1.0	2.0	1.0	0.0	0.0
XP_027424072.1	2.0	6.0	2.0	5.0	7.0	6.0	7.0	4.0	16.0	1.0	24.0	6.0	5.0	1.0	10.0	9.0	2.0	1.0	4.0
XP_027429085.1 (+1)	9.0	12.0	12.0	6.0	8.0	4.0	9.0	12.0	6.0	0.0	6.0	8.0	4.0	0.0	5.0	8.0	4.0	1.0	4.0
XP_027436849.1	7.0	13.0	7.0	14.0	8.0	10.0	10.0	12.0	4.0	1.0	4.0	5.0	3.0	0.0	6.0	6.0	3.0	3.0	2.0
XP_027440797.1	5.0	3.0	3.0	1.0	5.0	9.0	9.0	13.0	8.0	0.0	15.0	8.0	8.0	0.0	8.0	7.0	6.0	3.0	7.0
XP_027465275.1	2.0	0.0	2.0	0.0	1.0	5.0	4.0	17.0	13.0	1.0	15.0	9.0	4.0	2.0	16.0	12.0	7.0	1.0	7.0
XP_027476798.1	5.0	0.0	0.0	0.0	0.0	2.0	1.0	0.0	12.0	4.0	11.0	24.0	12.0	0.0	5.0	15.0	14.0	3.0	10.0
XP_027440973.1	5.0	8.0	3.0	3.0	5.0	4.0	1.0	7.0	7.0	9.0	7.0	6.0	6.0	11.0	8.0	10.0	6.0	3.0	8.0
XP_027457062.1	7.0	7.0	3.0	6.0	7.0	2.0	3.0	3.0	8.0	7.0	13.0	7.0	9.0	3.0	8.0	10.0	4.0	2.0	8.0
XP_027479621.1	18.0	19.0	24.0	11.0	13.0	13.0	8.0	5.0	1.0	0.0	1.0	0.0	0.0	0.0	0.0	2.0	0.0	1.0	1.0
XP_027454693.1	0.0	0.0	0.0	0.0	0.0	0.0	0.0	1.0	18.0	1.0	24.0	1.0	8.0	0.0	38.0	17.0	2.0	1.0	5.0
XP_027464485.1 (+1)	2.0	0.0	1.0	2.0	5.0	0.0	5.0	6.0	18.0	3.0	16.0	13.0	17.0	3.0	7.0	7.0	8.0	0.0	3.0
XP_027470122.1	4.0	14.0	13.0	10.0	6.0	16.9	12.0	10.0	1.0	0.0	6.0	8.0	3.0	0.0	2.0	5.0	1.0	2.0	2.0
XP_027449906.1	0.0	13.0	10.0	8.5	23.0	0.0	0.0	0.0	3.5	5.0	9.0	9.0	6.4	6.4	3.7	11.3	0.0	0.0	7.0
XP_027431219.1	2.0	1.0	0.0	0.0	0.0	0.0	2.0	6.0	5.0	14.0	13.0	7.0	15.0	15.0	10.0	7.0	10.0	1.0	7.0
XP_027468567.1	0.0	0.0	0.0	0.0	0.0	0.0	1.0	0.0	21.0	2.0	7.0	15.0	27.0	1.0	2.0	19.0	14.0	6.0	0.0
XP_027433746.1	5.7	6.8	5.3	0.0	9.4	10.5	9.2	4.7	11.4	0.0	3.9	13.7	9.5	4.6	7.9	5.4	0.0	0.5	6.3
XP_027426178.1	2.0	3.0	3.0	1.0	3.0	3.0	4.0	4.0	26.0	2.0	16.0	12.0	10.0	4.0	7.0	6.0	4.0	2.0	2.0
XP_027468433.1	2.0	12.0	3.0	1.0	6.0	6.0	2.0	9.0	6.0	0.0	12.0	13.0	11.0	3.0	12.0	9.0	5.0	0.0	2.0
XP_027474643.1 (+1)	10.0	13.0	16.0	15.0	18.0	12.0	7.0	5.0	1.0	0.0	2.0	8.0	1.0	0.0	2.0	2.0	1.0	0.0	1.0
XP_027463723.1	4.0	6.0	3.0	3.5	2.0	12.5	13.1	11.4	4.0	0.0	7.0	4.0	8.0	0.0	4.0	9.8	12.3	0.0	9.3
XP_027470294.1 (+1)	0.4	0.4	0.0	0.8	0.4	0.4	5.3	3.0	15.1	7.9	14.7	8.2	1.9	0.0	32.0	14.4	1.0	2.4	5.4
XP_027433844.1 (+1)	1.0	6.8	2.0	2.0	5.8	3.0	0.0	8.0	24.3	2.0	8.5	11.7	8.5	4.0	10.6	11.6	2.0	0.0	1.5
XP_027474677.1	0.0	0.0	0.0	0.0	0.0	0.0	1.0	5.0	1.0	12.0	16.0	9.0	7.0	2.0	29.0	15.0	9.0	2.0	5.0
XP_027436710.1 (+1)	9.0	4.0	5.0	9.0	5.0	6.0	8.0	5.0	3.0	1.0	13.0	7.0	1.0	2.0	23.0	5.0	4.0	1.0	1.0
XP_027464050.1 (+2)	6.0	6.0	5.0	5.0	1.0	4.0	3.0	12.0	7.0	4.0	8.0	9.0	5.0	5.0	7.0	11.0	4.0	3.0	6.0
XP_027473418.1	8.0	14.0	21.0	12.0	18.0	17.0	8.0	3.0	0.0	0.0	2.0	3.0	0.0	0.0	0.0	2.0	0.0	1.0	2.0
XP_027426090.1 (+2)	14.0	6.0	22.0	12.0	16.0	18.9	10.0	6.0	0.0	0.0	0.0	1.0	0.0	0.0	0.0	5.0	0.0	0.0	0.0
XP_027445174.1	0.0	0.0	0.0	0.5	0.0	0.0	0.0	1.5	7.6	10.0	11.9	6.0	28.0	5.0	11.0	10.9	4.0	3.0	11.0
XP_027478499.1	6.0	11.0	3.0	5.0	12.0	10.0	7.0	10.0	12.0	1.0	7.0	4.0	2.0	2.0	5.0	6.0	3.0	2.0	2.0
XP_027472513.1	6.0	14.9	1.0	6.0	24.8	17.5	6.0	7.0	3.8	0.0	13.9	1.0	2.0	1.0	0.0	2.0	2.0	0.0	1.0
XP_027433968.1	0.0	2.0	0.0	0.0	5.0	5.0	11.0	11.0	22.0	0.0	18.0	19.0	2.0	3.0	2.0	2.0	5.0	1.0	1.0
XP_027463927.1	8.0	18.0	15.0	19.0	14.0	12.0	14.0	3.0	0.0	0.0	0.0	1.0	1.0	0.0	1.0	1.0	0.0	1.0	1.0
XP_027466382.1	9.0	13.0	12.0	12.0	12.0	7.0	14.0	7.0	2.0	0.0	1.0	5.0	1.0	1.0	2.0	5.0	1.0	1.0	4.0
XP_027446242.1	5.0	15.8	0.0	1.0	18.8	13.9	5.0	5.5	4.0	0.0	13.8	10.0	3.0	2.0	1.0	3.0	2.0	2.0	3.0
XP_027448679.1	3.0	4.0	0.0	0.0	9.0	10.0	12.0	20.0	5.0	0.0	13.0	5.0	9.0	0.0	6.0	7.0	2.0	1.0	2.0
XP_027449714.1	7.0	10.0	6.0	12.0	10.0	7.0	6.0	12.0	3.0	0.0	5.0	4.0	2.0	0.0	6.0	5.0	4.0	4.0	5.0
XP_027458190.1	8.0	4.0	7.0	4.0	20.0	21.0	9.0	5.0	3.0	7.0	3.0	2.0	3.0	3.0	3.0	2.0	4.0	0.0	0.0
XP_027467688.1	7.0	14.0	9.0	11.0	12.0	10.0	9.0	7.0	1.0	0.0	6.0	0.0	2.0	2.0	4.0	4.0	7.0	2.0	1.0
XP_027478909.1	3.0	0.0	0.0	0.0	2.0	2.0	0.0	11.0	18.0	1.0	17.0	5.0	8.0	0.0	11.0	18.0	2.0	2.0	8.0
XP_027474651.1	9.1	7.2	5.3	4.0	5.0	4.1	2.0	1.0	7.0	2.0	9.0	14.3	6.0	1.0	2.0	10.3	5.2	5.6	7.2
XP_027481506.1	4.6	3.2	2.1	2.4	8.9	9.7	5.2	8.2	14.5	0.0	16.2	12.2	11.6	0.0	4.2	3.2	1.1	0.0	0.0
XP_027440857.1 (+1)	7.0	16.0	19.0	13.0	17.0	19.0	9.0	7.0	0.0	0.0	0.0	0.0	0.0	0.0	0.0	0.0	0.0	0.0	0.0
XP_027468270.1	0.0	0.0	0.0	0.0	2.0	0.0	1.0	2.0	13.0	1.0	16.0	11.0	7.0	0.0	17.0	18.0	7.0	4.0	8.0
XP_027451781.1	6.0	6.0	4.0	12.0	15.0	11.0	9.0	6.0	0.0	0.0	8.0	13.0	1.0	0.0	0.0	4.0	11.0	0.0	0.0
XP_027472677.1	5.0	6.0	17.0	16.0	22.0	25.0	5.0	3.0	1.0	0.0	0.0	3.0	0.0	0.0	0.0	3.0	0.0	0.0	0.0
XP_027452298.1	3.0	2.5	3.0	0.0	12.0	11.9	15.9	6.5	5.3	0.0	8.4	12.3	12.7	4.0	0.0	4.0	4.0	0.5	0.0
XP_027463528.1 (+2)	9.0	9.0	7.0	8.0	9.0	7.0	7.0	8.0	3.0	2.0	4.0	3.0	3.0	4.0	3.0	5.0	5.0	4.0	5.0
XP_027470269.1 (+1)	0.0	1.0	0.0	0.0	1.0	2.0	0.0	1.0	25.0	1.0	29.0	10.0	14.0	0.0	8.0	13.0	0.0	0.0	0.0
XP_027424654.1	8.0	1.0	1.0	0.0	2.0	3.0	2.0	5.0	11.0	0.0	15.0	22.0	8.0	1.0	9.0	13.0	0.0	0.0	3.0
XP_027430511.1	4.0	8.0	2.0	5.0	5.0	5.0	7.0	4.0	5.0	9.0	6.0	7.0	3.0	4.0	7.0	8.0	4.0	4.0	7.0
XP_027447973.1	1.0	2.0	0.0	3.0	1.0	3.0	0.0	2.0	9.0	16.0	0.0	0.0	21.0	16.0	6.0	11.0	8.0	3.0	2.0
XP_027466965.1 (+4)	5.0	12.0	15.0	15.0	17.0	9.0	8.0	11.0	0.0	0.0	1.0	3.0	0.0	0.0	2.0	3.0	0.0	1.0	2.0
XP_027443411.1	3.0	0.0	3.0	1.0	1.0	0.0	0.0	9.0	5.0	1.0	8.0	13.0	5.0	1.0	4.0	34.0	3.0	5.0	7.0
XP_027472478.1	1.0	0.0	0.0	0.0	0.0	3.0	3.0	10.0	15.0	2.0	9.0	8.0	9.0	1.0	19.0	18.0	3.0	1.0	1.0
XP_027478922.1	8.0	17.0	5.0	7.0	3.0	9.0	3.0	6.0	5.0	0.0	5.0	3.0	4.0	0.0	8.0	10.0	4.0	0.0	6.0
XP_027439655.1	11.0	9.0	10.0	11.0	11.0	7.0	10.0	1.0	0.0	5.0	0.0	2.0	4.0	10.0	4.0	1.0	1.0	2.0	3.0
XP_027475104.1	2.0	9.0	0.0	1.0	0.0	1.0	3.0	3.0	1.0	17.0	4.0	3.0	7.0	27.0	12.0	0.0	4.0	6.0	2.0
XP_027423379.1	0.0	5.0	3.0	5.0	13.0	8.0	9.0	1.0	15.0	1.0	11.0	5.0	10.0	2.0	6.0	4.0	3.0	0.0	0.0
XP_027435462.1 (+1)	6.0	8.0	4.0	6.0	5.0	3.0	7.0	0.0	9.0	1.0	10.0	9.0	5.0	2.0	6.0	7.0	4.0	2.0	7.0
XP_027451520.1	0.0	0.0	0.0	0.0	0.0	0.0	8.0	34.0	7.0	0.0	13.0	4.0	6.0	0.0	13.0	8.0	3.0	2.0	3.0
XP_027454280.1	1.0	5.0	3.0	2.0	1.0	1.0	2.0	7.0	36.0	2.0	10.0	6.0	10.0	2.0	3.0	4.0	2.0	2.0	2.0
XP_027464096.1	0.0	0.0	0.0	0.0	0.0	0.0	0.0	0.0	0.0	0.0	0.0	2.0	0.0	0.0	0.0	4.0	94.0	0.0	1.0
XP_027442815.1	5.0	9.0	10.0	13.0	14.0	10.0	8.0	6.0	3.0	0.0	4.0	4.0	2.0	0.0	4.0	4.0	1.0	0.0	3.0
XP_027470405.1	4.0	5.0	3.0	0.0	1.0	1.0	3.0	5.0	6.0	0.0	14.0	11.0	7.0	2.0	8.0	17.0	3.0	2.0	7.0
XP_027461123.1_family	1.0	0.0	1.0	0.0	0.0	0.0	0.0	0.0	32.0	0.0	29.0	3.0	10.0	0.0	7.0	12.0	1.0	0.0	3.0
XP_027455039.1	6.2	6.8	7.7	7.9	5.9	3.1	6.2	16.6	4.0	0.0	4.7	7.0	4.0	0.0	4.6	9.0	0.0	1.3	3.5
XP_027455961.1	5.0	12.0	0.0	1.0	13.0	13.0	5.0	8.0	17.0	0.0	15.0	3.0	1.0	0.0	2.0	3.0	0.0	0.0	0.0
XP_027467822.1	9.0	12.0	12.0	10.0	13.0	14.0	9.0	6.0	0.0	0.0	3.0	3.0	1.0	1.0	2.0	1.0	1.0	0.0	1.0
XP_027449696.1	6.0	9.0	7.0	10.0	15.0	9.0	10.0	5.0	3.0	1.0	6.0	2.0	1.0	0.0	3.0	3.0	4.0	0.0	3.0
XP_027469893.1 (+2)	3.0	5.0	6.0	1.0	3.0	4.0	8.0	5.0	10.0	0.0	8.0	6.0	8.0	0.0	4.0	8.0	5.0	2.0	11.0
XP_027463555.1	1.8	4.4	0.0	5.5	7.2	4.6	0.0	7.6	15.2	3.0	18.8	9.8	9.7	2.5	0.0	0.5	5.0	0.5	0.0
XP_027435392.1	3.0	6.0	6.0	5.0	7.0	14.0	10.0	8.0	2.0	0.0	6.0	1.0	6.0	0.0	4.0	7.0	8.0	1.0	2.0
XP_027443623.1	8.0	7.0	5.0	0.0	20.0	16.0	6.0	14.0	3.0	0.0	7.0	3.0	5.0	0.0	0.0	2.0	0.0	0.0	0.0
XP_027470769.1	2.0	4.0	0.0	1.0	7.0	5.0	8.0	1.0	16.0	1.0	14.0	8.0	6.0	13.0	0.0	0.0	9.0	0.0	1.0
XP_027481505.1_family	2.8	6.0	3.0	2.0	10.8	14.8	4.0	6.8	17.0	0.0	6.8	5.8	2.0	0.0	7.0	5.8	1.0	0.0	0.0
XP_027450201.1	4.0	0.0	2.0	1.0	0.0	2.0	3.0	3.0	12.0	5.0	10.0	17.0	13.0	3.0	3.0	6.0	4.0	4.0	3.0
XP_027467579.1	6.0	4.0	9.0	8.0	9.0	13.0	7.0	11.0	1.0	2.0	3.0	5.0	3.0	4.0	2.0	5.0	1.0	1.0	1.0
XP_027477192.1	7.0	4.0	4.0	11.0	11.0	8.0	4.0	20.0	1.0	1.0	6.0	3.0	2.0	0.0	2.0	6.0	4.0	0.0	1.0
XP_027449537.1	4.0	3.7	4.0	4.0	3.7	2.7	1.0	0.0	4.1	1.0	14.1	31.4	5.0	3.0	4.0	3.0	3.0	2.0	1.0
XP_027469009.1	3.0	3.0	4.0	8.0	10.8	14.1	9.8	9.0	0.0	0.0	7.7	9.0	1.0	0.0	1.0	2.0	11.8	0.0	0.0
XP_027426961.1	7.0	1.0	3.0	0.0	0.0	3.0	16.0	10.0	1.0	3.0	3.0	3.0	8.0	9.0	10.0	4.0	3.0	5.0	5.0
XP_027429726.1	4.0	1.0	1.0	0.0	0.0	2.0	5.0	10.0	12.0	1.0	11.0	7.0	5.0	1.0	12.0	15.0	2.0	1.0	4.0
XP_027435457.1	3.0	4.0	5.0	1.0	4.0	5.0	2.0	9.0	4.0	2.0	9.0	7.0	8.0	5.0	7.0	6.0	6.0	1.0	6.0
XP_027440087.1	4.0	2.0	4.0	3.0	1.0	3.0	3.0	5.0	4.0	14.0	4.0	6.0	8.0	11.0	4.0	5.0	3.0	5.0	5.0
XP_027457737.1	10.0	11.0	0.0	2.0	6.0	6.0	7.0	12.0	6.0	4.0	3.0	6.0	3.0	5.0	0.0	5.0	2.0	2.0	4.0
XP_027465701.1 (+3)	0.0	0.0	0.0	0.0	0.0	0.0	0.0	0.0	6.0	4.0	8.0	5.0	4.0	0.0	39.0	18.0	1.0	2.0	7.0
XP_027470214.1	0.0	5.0	0.0	0.0	6.0	7.0	10.0	1.0	29.0	0.0	27.0	3.0	2.0	2.0	1.0	1.0	0.0	0.0	0.0
XP_027480468.1	6.0	7.0	8.0	14.0	11.0	7.0	8.0	7.0	1.0	1.0	5.0	4.0	1.0	0.0	2.0	4.0	3.0	0.0	5.0
XP_027446367.1 (+1)	8.0	10.0	15.0	11.0	11.0	16.2	7.0	5.0	1.0	0.0	0.0	4.0	1.0	0.0	1.0	2.0	0.0	0.0	1.0
XP_027439551.1 (+3)	9.0	10.5	11.6	9.0	11.0	11.0	7.0	1.0	1.0	0.0	5.0	2.0	5.0	3.0	1.0	3.0	1.0	0.0	2.0
XP_027434150.1 (+12)	9.0	8.0	9.0	15.0	11.0	8.0	12.0	4.0	2.0	1.0	3.0	4.0	2.0	1.0	0.0	1.0	1.0	0.0	1.0
XP_027452416.1	5.0	14.0	0.0	0.0	16.0	17.0	4.0	12.0	8.0	0.0	5.0	1.0	0.0	1.0	2.0	1.0	6.0	0.0	0.0
XP_027468598.1 (+6)	1.0	1.0	1.0	0.0	2.0	6.0	0.0	0.0	13.0	2.0	25.0	3.0	14.0	0.0	7.0	10.0	0.0	0.0	7.0
XP_027425734.1 (+1)	4.0	6.0	6.0	8.0	8.0	11.0	2.0	4.0	3.0	0.0	13.0	5.0	4.0	0.0	5.0	3.0	3.0	1.0	5.0
XP_027433212.1 (+3)	5.0	3.0	6.0	6.0	6.0	6.0	7.0	6.0	1.0	2.0	5.0	7.0	1.0	0.0	4.0	9.0	6.0	4.0	7.0
XP_027455784.1	5.0	11.0	3.0	9.0	12.0	13.0	9.0	7.0	1.0	1.0	5.0	4.0	5.0	0.0	4.0	1.0	1.0	0.0	0.0
XP_027481676.1	2.0	5.0	2.0	4.0	7.0	12.0	4.0	4.0	14.0	1.0	13.0	7.0	6.0	0.0	4.0	5.0	0.0	0.0	0.0
XP_027478765.1	6.0	7.0	3.3	6.0	1.0	3.0	4.0	2.0	2.7	0.5	8.6	11.1	2.7	1.0	6.0	13.1	3.0	3.0	6.0
XP_027438726.1	1.0	1.0	0.0	0.0	4.0	4.0	4.0	3.0	8.0	0.0	29.0	8.0	6.0	0.0	9.0	10.0	2.0	0.0	1.0
XP_027445187.1	0.0	0.0	0.0	0.0	0.0	1.0	1.0	5.0	10.0	0.0	23.0	6.0	11.0	0.0	13.0	17.0	1.0	1.0	0.0
XP_027445769.1	8.0	7.0	5.0	2.0	7.0	6.0	9.0	9.0	3.0	0.0	9.0	6.0	2.0	0.0	6.0	5.0	2.0	1.0	2.0
XP_027471170.1 (+1)	6.0	10.0	10.0	17.0	13.0	9.0	11.0	4.0	1.0	0.0	2.0	2.0	0.0	0.0	1.0	1.0	1.0	1.0	0.0
XP_027462679.1	11.0	14.9	2.0	7.0	7.0	7.0	5.0	10.0	5.0	0.0	4.0	4.0	3.0	0.0	1.0	2.0	2.0	2.0	2.0
XP_027426071.1 (+1)	5.0	6.0	10.0	7.0	6.0	8.0	6.0	2.0	1.0	0.0	4.0	4.0	9.0	0.0	3.0	10.0	5.0	0.0	2.0
XP_027467855.1	0.0	1.0	0.0	0.0	1.0	0.0	1.0	1.0	15.0	5.0	8.0	12.0	15.0	0.0	1.0	10.0	11.0	5.0	2.0
XP_027435738.1_family	1.3	5.3	0.3	0.3	6.6	4.0	0.3	3.3	11.3	1.3	19.3	13.6	10.3	0.3	1.3	2.6	2.3	0.3	3.3
XP_027426607.1	3.0	0.0	2.0	0.0	1.0	2.0	1.0	0.0	12.0	3.0	9.0	13.0	5.0	0.0	6.0	10.0	5.0	4.0	11.0
XP_027470292.1	0.0	0.0	0.0	0.0	0.0	2.0	2.0	14.0	39.0	0.0	11.0	1.0	0.0	2.0	9.0	7.0	0.0	0.0	0.0
XP_027472864.1	4.0	9.0	10.0	4.0	15.0	21.0	16.0	8.0	0.0	0.0	0.0	0.0	0.0	0.0	0.0	0.0	0.0	0.0	0.0
XP_027461438.1	0.0	4.0	0.0	0.0	23.6	23.0	15.6	5.0	1.0	0.0	2.0	2.0	9.0	0.0	0.0	0.0	1.0	0.0	0.0
XP_027469387.1	1.0	3.0	1.0	0.0	0.0	0.0	0.0	1.0	15.0	13.0	7.0	4.0	6.0	9.0	11.0	6.0	4.0	3.0	2.0
XP_027428485.1	2.0	1.0	0.0	0.0	0.0	0.0	0.0	3.0	5.0	9.0	10.0	8.0	11.0	7.0	5.0	10.0	3.0	4.0	8.0
XP_027469663.1	3.0	4.0	11.0	15.0	9.0	12.0	8.0	8.0	0.0	0.0	4.0	3.0	2.0	0.0	0.0	0.0	6.0	0.0	1.0
XP_027450325.1	2.0	9.0	0.0	2.0	6.0	2.0	2.0	14.0	1.0	0.0	15.0	8.0	3.0	0.0	8.0	13.0	0.0	0.0	0.0
XP_027437830.1	4.0	0.0	0.0	0.0	0.0	0.0	0.0	0.0	15.0	6.0	7.0	13.0	11.0	1.0	3.0	10.0	4.0	2.0	8.0
XP_027470000.1	5.0	9.0	8.0	12.0	13.0	6.0	9.0	3.0	1.0	0.0	4.0	3.0	0.0	0.0	1.0	4.0	2.0	2.0	1.0
XP_027476040.1	4.0	10.0	6.0	8.0	9.0	5.0	8.0	7.0	1.0	0.0	3.0	2.0	4.0	1.0	2.0	4.0	6.0	0.0	3.0
XP_027482243.1	0.0	4.0	1.0	3.0	2.0	2.0	0.0	2.0	2.0	1.0	11.0	27.0	3.0	1.0	6.0	14.0	3.0	0.0	1.0
XP_027459628.1	0.5	7.9	0.5	0.0	3.4	4.6	3.4	0.5	6.4	0.5	15.4	10.1	12.8	5.6	7.5	0.5	3.0	0.2	0.0
XP_027424588.1	4.0	8.0	18.0	12.0	11.0	17.0	9.0	0.0	0.0	0.0	1.0	0.0	0.0	1.0	0.0	1.0	0.0	0.0	0.0
XP_027429417.1	0.0	6.0	0.0	0.0	1.0	1.0	1.0	4.0	8.0	0.0	17.0	16.0	11.0	0.0	9.0	7.0	1.0	0.0	0.0
XP_027468089.1	3.0	0.0	0.0	0.0	0.0	0.0	0.0	3.0	8.0	0.0	24.0	9.0	9.0	0.0	5.0	9.0	5.0	0.0	7.0
XP_027472668.1	1.0	10.0	5.0	9.0	7.0	7.0	10.0	3.0	3.0	0.0	7.0	2.0	2.0	0.0	1.0	10.0	1.0	0.0	4.0
XP_027441630.1	0.0	0.0	0.0	0.0	1.0	0.0	9.3	2.0	8.3	3.0	6.3	7.1	2.1	0.0	30.2	6.8	2.0	1.0	2.0
XP_027432076.1	3.0	5.0	0.0	1.0	8.0	3.0	4.0	10.0	12.0	0.0	7.0	4.0	5.0	3.0	6.0	6.0	1.0	1.0	2.0
XP_027440515.1	8.0	5.0	15.0	7.0	8.0	8.0	7.0	9.0	1.0	0.0	1.0	4.0	0.0	0.0	1.0	3.0	1.0	1.0	2.0
XP_027476618.1	0.0	2.0	0.0	0.0	1.0	3.0	0.0	0.0	1.0	9.0	12.0	1.0	8.0	22.0	3.0	1.0	17.0	1.0	0.0
XP_027480719.1 (+1)	1.0	2.0	0.0	0.0	4.0	4.0	4.0	1.0	0.0	0.0	22.0	33.0	3.0	1.0	1.0	5.0	0.0	0.0	0.0
XP_027458041.1 (+3)	0.7	4.7	0.3	1.7	0.7	1.3	0.8	0.0	18.3	5.0	3.9	9.5	13.9	1.3	6.6	3.5	2.0	4.0	2.5
XP_027424614.1 (+1)	2.0	9.0	0.0	4.0	18.0	17.0	5.0	3.0	0.0	0.0	0.0	0.0	0.0	0.0	0.0	0.0	22.0	0.0	0.0
XP_027425974.1	9.0	10.0	7.0	12.0	9.0	7.0	7.0	3.0	1.0	0.0	4.0	2.0	1.0	0.0	1.0	3.0	2.0	1.0	1.0
XP_027426865.1 (+1)	4.0	8.0	11.0	10.0	11.0	16.0	10.0	6.0	0.0	0.0	0.0	2.0	0.0	0.0	0.0	1.0	0.0	0.0	1.0
XP_027434727.1 (+10)	7.0	9.0	2.0	6.0	7.0	14.0	16.0	6.0	0.0	1.0	1.0	2.0	0.0	3.0	2.0	2.0	1.0	0.0	1.0
XP_027441000.1 (+1)	7.0	7.0	4.0	1.0	8.0	4.0	13.0	11.0	0.0	0.0	9.0	9.0	3.0	1.0	2.0	1.0	0.0	0.0	0.0
XP_027449550.1	4.0	3.0	1.0	2.0	3.0	7.0	2.0	3.0	2.0	8.0	3.0	7.0	8.0	11.0	1.0	3.0	3.0	5.0	4.0
XP_027478715.1	0.0	0.0	0.0	0.0	0.0	2.0	1.0	1.0	6.0	20.0	2.0	1.0	11.0	11.0	2.0	4.0	5.0	4.0	10.0
XP_027425046.1	2.0	5.0	2.0	0.0	4.0	7.0	5.0	9.8	7.0	1.0	7.0	3.0	2.0	0.0	8.0	11.0	2.0	1.0	3.0
XP_027442501.1	4.7	4.4	1.3	0.0	7.4	7.4	2.3	6.5	21.9	0.0	4.3	3.4	3.2	0.0	6.4	5.4	0.0	0.0	1.2
XP_027423353.1 (+1)	0.0	3.0	0.0	0.0	3.0	0.0	0.0	0.0	16.0	0.0	12.0	5.0	8.0	0.0	17.0	11.0	0.0	0.0	4.0
XP_027435072.1	7.0	4.0	3.0	3.0	5.0	3.0	7.0	9.0	0.0	0.0	6.0	6.0	4.0	3.0	3.0	8.0	3.0	0.0	5.0
XP_027436570.1 (+1)	6.0	1.0	6.0	2.0	7.0	10.0	12.0	11.0	3.0	0.0	1.0	7.0	1.0	0.0	4.0	3.0	0.0	1.0	4.0
XP_027443554.1	0.0	10.0	1.0	5.0	7.0	0.0	2.0	0.0	0.0	4.0	5.0	6.0	3.0	26.0	1.0	1.0	3.0	0.0	5.0
XP_027446045.1	4.0	3.0	3.0	2.0	0.0	3.0	6.0	4.0	4.0	2.0	4.0	12.0	4.0	2.0	3.0	10.0	4.0	4.0	5.0
XP_027425483.1	0.0	0.0	0.0	0.0	2.0	4.0	1.0	1.0	9.0	0.0	21.0	17.0	9.0	1.0	6.0	6.0	1.0	0.0	0.0
XP_027440190.1 (+1)	4.0	8.0	7.0	6.0	7.0	5.0	7.0	3.0	3.0	1.0	3.0	6.0	2.0	0.0	1.0	5.0	2.0	3.0	5.0
XP_027448971.1	5.0	16.0	1.0	0.0	12.0	17.0	3.0	4.0	0.0	0.0	4.0	10.0	0.0	0.0	2.0	3.0	1.0	0.0	0.0
XP_027465075.1	3.0	4.0	1.0	2.0	4.0	5.0	3.0	9.0	3.0	0.0	16.0	4.0	3.0	0.0	7.0	7.0	3.0	0.0	4.0
XP_027467377.1	2.0	1.0	0.0	0.0	0.0	1.0	5.0	2.0	5.0	1.0	18.0	7.0	5.0	0.0	16.0	8.0	3.0	2.0	2.0
XP_027477366.1	0.0	5.6	2.4	0.0	7.6	2.7	5.3	6.8	11.1	0.0	10.1	7.2	8.5	0.5	3.7	3.1	1.1	2.0	0.0
XP_027432574.1	14.0	3.0	2.0	0.0	3.0	14.0	3.0	6.0	0.0	0.0	8.0	3.0	1.0	1.0	1.0	4.0	10.0	3.0	1.0
XP_027444757.1	0.0	0.0	0.0	0.0	0.0	0.0	0.0	0.0	19.0	0.0	20.0	4.0	6.0	0.0	16.0	12.0	0.0	0.0	0.0
XP_027453461.1 (+4)	0.0	0.0	0.0	0.0	0.0	0.0	0.0	1.0	6.0	0.0	10.0	1.0	5.0	0.0	40.0	10.0	0.0	1.0	3.0
XP_027468110.1 (+1)	5.0	7.0	10.0	10.0	8.0	10.0	10.0	1.0	0.0	0.0	6.0	3.0	0.0	0.0	2.0	4.0	0.0	1.0	0.0
XP_027435074.1	0.0	1.0	0.0	0.0	2.0	0.0	0.0	5.0	9.0	3.0	10.0	12.0	15.0	3.0	4.0	3.0	5.0	0.0	4.0
XP_027452943.1 (+1)	5.0	0.0	2.0	0.0	5.0	4.0	15.0	16.0	8.0	0.0	4.0	4.0	6.0	1.0	1.0	1.0	3.0	1.0	0.0
XP_027450117.1	0.0	0.0	0.0	0.0	0.0	0.0	2.4	0.0	6.8	0.0	10.8	3.0	4.0	0.0	39.8	8.8	0.5	0.0	0.0
XP_027424580.1	3.0	6.0	2.0	2.0	3.0	6.0	5.0	0.0	6.0	1.0	6.0	7.0	6.0	3.0	4.0	1.0	6.0	1.0	7.0
XP_027440919.1 (+2)	5.0	8.0	5.0	4.0	5.0	7.0	9.0	4.0	3.0	0.0	6.0	5.0	2.0	0.0	4.0	5.0	1.0	2.0	0.0
XP_027457692.1	0.0	0.0	0.0	0.0	0.0	0.0	2.0	0.0	6.0	0.0	13.0	6.0	18.0	2.0	15.0	8.0	2.0	0.0	3.0
XP_027465860.1	5.0	10.0	6.0	8.0	12.0	14.0	8.0	8.0	1.0	0.0	0.0	0.0	1.0	0.0	0.0	1.0	0.0	1.0	0.0
XP_027477332.1	9.0	8.0	8.0	7.0	11.0	6.0	3.0	2.0	2.0	1.0	1.0	3.0	3.0	0.0	1.0	3.0	2.0	3.0	2.0
XP_027451120.1	0.5	3.0	0.0	0.0	10.5	9.8	6.0	2.8	10.6	1.0	11.9	5.5	6.3	1.5	2.0	2.0	1.0	0.0	0.0
XP_027426421.1	5.0	5.0	6.0	9.0	10.0	5.0	3.0	9.0	2.0	1.0	1.0	3.0	2.0	2.0	2.0	1.0	6.0	0.0	2.0
XP_027438691.1 (+3)	5.0	10.0	10.0	7.0	12.0	10.0	8.0	5.0	0.0	0.0	2.0	2.0	1.0	0.0	0.0	0.0	1.0	0.0	1.0
XP_027447229.1	2.0	13.0	0.0	0.0	7.0	5.0	0.0	5.0	3.0	0.0	9.0	17.0	7.0	0.0	3.0	3.0	0.0	0.0	0.0
XP_027461194.1	2.0	6.0	0.0	2.0	17.0	7.0	2.0	7.0	0.0	0.0	11.0	12.0	6.0	1.0	0.0	0.0	0.0	0.0	1.0
XP_027477679.1 (+1)	0.0	1.0	0.0	0.0	5.0	1.0	2.0	1.0	17.0	0.0	16.0	2.0	7.0	0.0	9.0	11.0	0.0	0.0	2.0
XP_027428366.1	3.0	14.0	2.0	1.0	17.0	19.0	7.0	8.0	2.0	0.0	0.0	0.0	0.0	0.0	0.0	0.0	0.0	0.0	0.0
XP_027442637.1	2.0	1.0	1.0	0.0	3.0	1.0	3.0	1.0	3.0	13.0	2.0	5.0	4.0	11.0	11.0	5.0	5.0	1.0	1.0
XP_027469854.1 (+1)	2.0	0.0	0.0	0.0	0.0	0.0	0.0	0.0	7.0	0.0	15.0	6.0	14.0	0.0	7.0	16.0	4.0	1.0	1.0
XP_027478659.1 (+3)	6.0	6.0	4.0	3.0	10.0	5.0	7.0	2.0	3.0	0.0	4.0	3.0	2.0	1.0	4.0	7.0	1.0	2.0	3.0
XP_027462716.1	0.0	0.0	0.0	0.0	0.0	0.0	6.7	4.8	1.5	1.0	6.0	0.0	2.5	0.0	33.9	15.8	0.0	0.5	0.0
XP_027435334.1	0.0	4.0	1.0	2.0	0.0	0.0	0.0	0.0	2.0	29.0	0.0	1.0	15.0	8.0	1.0	2.0	2.0	1.0	4.0
XP_027456474.1	0.0	1.0	0.0	0.0	1.0	3.0	1.0	0.0	6.0	0.0	14.0	7.0	12.0	0.0	16.0	10.0	1.0	0.0	0.0
XP_027465985.1	5.0	6.0	1.0	3.0	5.0	6.0	4.0	9.0	2.0	0.0	4.0	5.0	3.0	5.0	4.0	5.0	2.0	0.0	3.0
XP_027475381.1	0.0	0.0	0.0	0.0	2.0	0.0	0.0	3.0	15.0	1.0	16.0	7.0	10.0	1.0	5.0	3.0	5.0	1.0	3.0
XP_027478938.1	5.0	13.0	14.0	11.0	7.0	4.0	8.0	1.0	1.0	0.0	2.0	2.0	1.0	0.0	0.0	1.0	1.0	0.0	1.0
XP_027462374.1	1.0	1.4	0.4	1.1	5.0	1.6	2.8	4.4	7.2	0.7	10.0	5.6	7.0	0.6	8.2	11.7	1.1	0.6	1.0
XP_027429409.1	0.0	4.0	5.0	4.0	4.0	3.0	1.0	7.0	7.0	0.0	1.0	3.0	4.0	1.0	8.0	6.0	11.0	0.0	2.0
XP_027434845.1 (+1)	3.0	3.0	0.0	0.0	8.0	8.0	2.0	7.0	8.0	0.0	15.0	12.0	1.0	1.0	0.0	3.0	0.0	0.0	0.0
XP_027438758.1 (+1)	4.0	6.0	7.0	10.0	11.0	16.0	10.0	7.0	0.0	0.0	0.0	0.0	0.0	0.0	0.0	0.0	0.0	0.0	0.0
XP_027462801.1	3.0	1.0	2.0	1.0	3.0	2.0	5.0	4.0	10.0	2.0	11.0	3.0	7.0	0.0	8.0	7.0	1.0	1.0	0.0
XP_027423465.1 (+2)	4.0	11.0	9.0	10.0	10.0	2.0	3.0	3.0	3.0	0.0	0.0	1.0	3.0	2.0	2.0	5.0	0.0	0.0	2.0
XP_027424385.1	0.0	0.0	0.0	0.0	0.0	0.0	1.0	1.0	0.0	0.0	36.0	31.0	0.0	0.0	0.0	1.0	0.0	0.0	0.0
XP_027443553.1	1.0	0.0	1.0	0.0	0.0	0.0	0.0	0.0	8.0	1.0	12.0	6.0	7.0	0.0	3.0	15.0	4.0	1.0	11.0
XP_027457399.1 (+1)	1.0	0.0	0.0	0.0	1.0	0.0	1.0	2.0	0.0	13.0	0.0	0.0	10.0	24.0	2.0	2.0	4.0	5.0	5.0
XP_027457936.1	4.0	1.0	2.0	3.0	5.0	2.0	10.0	4.0	6.0	1.0	10.0	3.0	4.0	1.0	4.0	4.0	3.0	1.0	2.0
XP_027462946.1	0.0	0.0	0.0	0.0	0.0	2.0	0.0	12.0	3.0	1.0	14.0	1.0	9.0	3.0	16.0	5.0	1.0	0.0	3.0
XP_027429008.1	0.0	0.0	0.0	0.0	0.0	0.0	2.0	12.0	0.0	5.0	5.0	2.0	0.0	0.0	24.0	3.0	9.0	0.0	7.0
XP_027442387.1	1.0	1.0	0.0	0.0	0.0	0.0	0.0	0.0	1.0	11.0	1.0	1.0	17.0	26.0	2.0	0.0	6.0	1.0	1.0
XP_027471826.1	0.0	0.0	0.0	0.0	0.0	0.0	0.0	5.0	2.0	8.0	4.0	2.0	9.0	9.0	12.0	4.0	4.0	2.0	8.0
XP_027474744.1	3.0	6.0	0.0	0.0	10.0	9.0	5.0	2.0	2.0	0.0	2.0	0.0	0.0	1.0	1.0	1.0	27.0	0.0	0.0
XP_027477194.1	9.0	9.0	1.0	5.0	5.0	6.0	8.0	2.0	1.0	2.0	3.0	4.0	1.0	2.0	1.0	1.0	3.0	3.0	3.0
XP_027479623.1	9.0	4.0	9.0	6.0	9.0	4.0	8.0	3.0	1.0	0.0	1.0	3.0	1.0	0.0	2.0	2.0	1.0	1.0	5.0
XP_027457521.1_family	1.9	2.9	0.3	0.6	2.9	4.2	3.2	1.9	15.0	0.0	13.8	7.5	3.3	0.3	5.3	3.3	0.9	0.3	0.9
XP_027473206.1	4.0	10.0	7.0	8.0	9.0	6.0	8.0	2.0	1.0	0.0	4.0	2.0	2.0	1.0	0.0	1.0	0.0	1.0	2.0
XP_027476508.1	1.0	4.0	0.0	0.0	2.0	3.5	2.0	4.0	12.0	0.5	10.2	9.0	5.0	0.0	7.5	6.0	0.0	0.0	0.5
XP_027457287.1 (+1)	8.0	7.0	6.0	5.0	7.0	7.0	10.0	5.0	1.0	0.0	3.0	4.0	2.0	0.0	0.0	2.0	0.0	0.0	0.0
XP_027468987.1 (+2)	4.0	10.0	10.0	11.0	9.0	7.0	9.0	2.0	3.0	0.0	1.0	0.0	0.0	0.0	0.0	1.0	0.0	0.0	0.0
XP_027443934.1 (+2)	4.0	5.0	4.0	5.0	13.0	6.0	4.0	10.0	0.0	0.0	4.0	3.0	2.0	0.0	0.0	3.0	0.0	0.0	3.0
XP_027454871.1	5.0	5.0	4.0	5.0	4.0	4.0	2.0	7.0	0.0	4.0	0.0	1.0	3.0	5.0	4.0	2.0	5.0	2.0	4.0
XP_027474641.1	1.0	0.0	0.0	0.0	0.0	0.0	0.0	0.0	4.0	0.0	13.0	8.0	6.0	0.0	14.0	8.0	1.0	1.0	10.0
XP_027478946.1	2.0	7.0	7.0	9.0	11.0	7.0	1.0	2.0	3.0	0.0	8.0	2.0	1.0	0.0	1.0	3.0	0.0	1.0	1.0
XP_027427230.1 (+1)	0.0	2.3	0.0	0.0	1.2	2.0	0.0	0.0	8.1	1.0	5.3	2.3	8.5	2.0	22.4	9.5	0.0	0.0	1.5
XP_027448210.1	1.0	1.0	5.0	0.0	4.0	0.0	4.0	6.0	7.0	0.0	8.0	3.0	5.0	0.0	13.9	5.8	0.0	0.0	2.0
XP_027458362.1	0.0	3.0	0.0	0.0	0.0	0.0	0.0	1.0	2.0	7.0	4.0	5.0	0.0	0.0	15.0	4.0	21.0	0.0	3.0
XP_027471795.1 (+3)	2.0	3.0	5.0	3.0	1.0	1.0	0.0	0.0	7.0	1.0	9.0	9.0	4.0	0.0	7.0	8.0	1.0	1.0	3.0
XP_027456154.1	0.0	2.5	0.0	2.0	0.0	1.1	1.1	5.5	14.7	0.0	13.6	16.7	6.3	0.0	0.0	0.0	0.0	0.5	0.0
XP_027455734.1	2.0	5.0	6.0	10.0	3.0	5.0	8.0	5.0	3.0	0.0	4.0	1.0	1.0	0.0	1.0	4.0	4.0	0.0	2.0
XP_027470652.1	0.0	0.0	0.0	0.0	0.0	3.0	1.0	3.0	12.0	0.0	27.0	10.0	7.0	0.0	0.0	1.0	0.0	0.0	0.0
XP_027475298.1_family	1.0	0.0	0.0	0.0	1.0	0.0	0.0	2.0	5.0	0.0	16.0	6.0	7.0	2.0	11.0	7.0	3.0	1.0	2.0
XP_027467002.1	2.0	10.0	6.0	11.0	5.0	4.0	6.0	3.0	0.0	2.0	1.0	2.0	1.0	0.0	1.0	3.0	4.0	0.0	2.0
XP_027479062.1	4.0	1.0	3.0	1.0	19.0	9.0	8.0	7.0	0.0	0.0	4.0	3.0	0.0	0.0	1.0	3.0	0.0	0.0	0.0
XP_027449924.1 (+1)	0.0	1.0	0.0	0.0	0.0	0.0	0.0	0.0	6.0	2.0	4.0	4.8	6.0	8.0	6.9	5.8	5.0	6.0	7.0
XP_027441677.1	4.0	8.0	1.0	1.0	14.0	15.0	9.0	6.0	1.0	0.0	2.0	1.0	0.0	0.0	0.0	0.0	0.0	0.0	0.0
XP_027454631.1	2.0	7.0	1.0	1.0	8.0	7.0	2.0	12.0	5.0	0.0	3.0	1.0	3.0	0.0	5.0	5.0	0.0	0.0	0.0
XP_027457733.1	0.0	0.0	0.0	0.0	0.0	0.0	1.0	6.0	0.0	0.0	21.0	12.0	1.0	3.0	1.0	5.0	6.0	2.0	4.0
XP_027462234.1	1.0	1.0	0.0	0.0	0.0	0.0	0.0	1.0	4.0	4.0	8.0	8.0	5.0	1.0	9.0	9.0	4.0	0.0	7.0
XP_027462867.1 (+1)	0.0	2.0	1.0	9.0	19.0	16.0	5.0	3.0	2.0	0.0	1.0	0.0	0.0	0.0	1.0	2.0	0.0	0.0	1.0
XP_027470179.1	5.0	0.0	0.0	0.0	0.0	0.0	0.0	10.0	5.0	0.0	9.0	10.0	7.0	0.0	3.0	4.0	3.0	1.0	5.0
XP_027435464.1	3.0	9.0	5.0	7.0	9.0	10.0	4.0	2.0	1.0	0.0	2.0	5.0	0.0	0.0	1.0	2.0	0.0	0.0	1.0
XP_027435908.1	4.0	0.0	0.0	1.0	4.0	6.0	3.0	12.0	6.0	0.0	4.0	3.0	6.0	0.0	3.0	5.0	2.0	0.0	2.0
XP_027444924.1	0.0	0.0	0.0	0.0	0.0	0.0	2.0	1.0	8.2	2.0	11.7	3.2	4.5	0.0	14.2	8.2	2.0	2.1	1.0
XP_027448342.1 (+3)	2.0	3.0	1.0	0.0	4.0	2.0	1.0	3.0	8.3	2.0	9.4	5.6	6.3	1.0	3.3	3.1	3.0	2.0	0.0
XP_027423778.1	9.0	6.0	3.0	0.0	9.0	12.0	6.0	9.0	0.0	1.0	1.0	1.0	1.0	0.0	0.0	0.0	0.0	2.0	0.0
XP_027435222.1	0.0	1.0	0.0	0.0	0.0	1.0	2.0	3.0	7.0	0.0	11.0	8.0	6.0	0.0	7.0	12.0	2.0	0.0	0.0
XP_027442462.1	3.0	6.0	2.0	0.0	10.0	6.0	6.0	4.0	10.0	0.0	7.0	0.0	3.0	2.0	1.0	0.0	0.0	0.0	0.0
XP_027443054.1 (+1)	1.0	11.0	0.0	2.0	9.0	9.0	2.0	8.0	2.0	0.0	10.0	0.0	2.0	0.0	3.0	1.0	0.0	0.0	0.0
XP_027444278.1 (+2)	0.0	0.0	0.0	0.0	3.0	2.0	5.0	6.0	7.0	0.0	7.0	2.0	3.0	0.0	12.0	9.0	0.0	2.0	2.0
XP_027451451.1	9.0	9.0	2.0	3.0	8.0	7.0	4.0	6.0	0.0	0.0	5.0	1.0	2.0	0.0	2.0	0.0	1.0	0.0	1.0
XP_027460216.1	3.0	5.0	1.0	5.0	9.0	5.0	3.0	5.0	4.0	0.0	5.0	2.0	6.0	2.0	1.0	1.0	1.0	0.0	2.0
XP_027427272.1 (+2)	0.7	2.3	0.3	1.7	0.7	1.3	0.8	5.0	6.1	0.0	9.8	9.5	9.9	1.3	2.2	3.5	4.0	0.0	0.0
XP_027446258.1	11.0	5.0	6.0	17.0	2.0	9.1	2.0	1.0	0.0	0.0	0.0	2.0	1.0	0.0	0.0	2.0	1.0	0.0	0.0
XP_027428638.1	5.0	8.0	9.0	4.0	8.0	12.0	5.0	6.0	0.0	0.0	1.0	0.0	0.0	0.0	0.0	1.0	0.0	0.0	0.0
XP_027428728.1	4.0	4.0	0.0	5.0	16.0	7.0	5.0	8.0	1.0	0.0	3.0	0.0	0.0	1.0	0.0	3.0	0.0	0.0	2.0
XP_027429640.1 (+1)	6.0	3.0	4.0	5.0	3.0	7.0	5.0	6.0	0.0	0.0	1.0	7.0	2.0	1.0	0.0	4.0	1.0	0.0	4.0
XP_027437547.1 (+2)	1.0	0.0	0.0	4.0	1.0	6.0	9.0	12.0	0.0	2.0	2.0	0.0	6.0	5.0	2.0	2.0	1.0	4.0	2.0
XP_027439861.1	1.0	1.0	0.0	0.0	0.0	1.0	0.0	0.0	2.0	0.0	7.0	3.0	7.0	3.0	8.0	10.0	2.0	5.0	9.0
XP_027452658.1	0.0	2.0	1.0	2.0	0.0	0.0	0.0	0.0	10.0	1.0	18.0	4.0	2.0	0.0	4.0	1.0	1.0	0.0	13.0
XP_027462506.1	0.0	0.0	0.0	0.0	0.0	1.0	0.0	1.0	9.0	0.0	7.6	26.0	3.8	0.0	4.0	6.0	0.0	0.0	0.0
XP_027438148.1	3.0	2.7	3.0	3.0	4.0	3.3	5.0	4.0	10.0	1.0	5.0	6.0	2.0	2.0	1.0	2.0	1.0	0.0	0.0
XP_027425772.1	1.0	5.0	1.0	3.0	10.0	4.0	2.0	1.0	2.0	0.0	5.0	6.0	4.0	8.0	2.0	2.0	1.0	0.0	1.0
XP_027436025.1	3.0	0.0	0.0	0.0	0.0	0.0	1.0	1.0	10.0	2.0	10.0	8.0	5.0	0.0	5.0	6.0	3.0	1.0	3.0
XP_027438152.1	0.0	0.0	0.0	0.0	0.0	0.0	0.0	0.0	0.0	1.0	13.0	1.0	0.0	0.0	33.0	9.0	0.0	0.0	1.0
XP_027455597.1	2.0	0.0	0.0	0.0	0.0	0.0	0.0	0.0	8.0	1.0	8.0	13.0	6.0	0.0	4.0	7.0	2.0	0.0	7.0
XP_027467938.1 (+1)	0.0	3.0	0.0	0.0	0.0	0.0	0.0	1.0	5.0	0.0	12.0	13.0	8.0	0.0	4.0	7.0	1.0	1.0	3.0
XP_027471631.1	0.0	0.0	0.0	0.0	0.0	0.0	0.0	2.0	20.0	3.0	6.0	7.0	3.0	0.0	5.0	6.0	3.0	0.0	3.0
XP_027476035.1	10.0	8.0	3.0	2.0	5.0	12.0	10.0	8.0	0.0	0.0	0.0	0.0	0.0	0.0	0.0	0.0	0.0	0.0	0.0
XP_027477813.1 (+2)	0.0	0.0	0.0	0.0	0.0	0.0	0.0	21.0	1.0	0.0	4.0	4.0	0.0	1.0	2.0	1.0	21.0	0.0	3.0
XP_027480204.1	3.0	6.0	9.0	3.0	5.0	6.0	16.0	9.0	0.0	0.0	0.0	0.0	0.0	1.0	0.0	0.0	0.0	0.0	0.0
XP_027480861.1	2.0	0.5	0.0	0.0	1.0	1.0	0.0	8.0	8.8	0.0	9.3	4.5	5.0	0.5	7.2	6.0	0.0	0.0	4.0
XP_027436924.1 (+3)	0.0	0.0	0.0	0.0	0.0	0.0	1.0	0.0	7.0	2.0	14.0	5.0	12.0	0.0	5.0	7.0	1.0	1.0	2.0
XP_027446074.1 (+1)	2.0	0.0	0.0	0.0	0.0	2.0	3.0	10.0	0.0	0.0	8.0	12.0	6.0	0.0	1.0	5.0	2.0	1.0	5.0
XP_027453738.1 (+2)	3.0	1.0	0.0	0.0	1.0	1.0	0.0	0.0	5.0	0.0	16.0	5.0	6.0	2.0	4.0	5.0	6.0	0.0	2.0
XP_027459878.1	0.0	2.0	0.0	0.0	1.0	1.0	0.0	0.0	31.0	0.0	8.0	4.0	3.0	0.0	1.0	6.0	0.0	0.0	0.0
XP_027466768.1	1.0	3.0	4.0	0.0	5.0	4.0	1.0	2.0	13.0	0.0	5.0	3.0	3.0	0.0	4.0	6.0	0.0	0.0	3.0
XP_027477970.1 (+1)	0.0	0.0	0.0	0.0	2.0	1.0	0.0	5.0	3.0	0.0	19.0	12.0	5.0	1.0	6.0	3.0	0.0	0.0	0.0
XP_027480821.1	2.0	4.0	1.0	6.0	12.0	9.0	6.0	4.0	0.0	0.0	3.0	1.0	0.0	3.0	0.0	3.0	0.0	0.0	3.0
XP_027434921.1	0.0	0.0	0.0	0.0	0.0	0.0	1.0	1.0	8.3	0.5	9.0	6.0	1.5	0.0	16.6	10.5	0.0	1.0	1.0
XP_027428037.1	0.0	3.0	1.0	2.0	2.0	4.0	2.0	0.0	6.0	0.0	11.0	9.0	3.0	0.0	2.0	8.0	0.0	0.0	3.0
XP_027429683.1	1.0	0.0	0.0	1.0	0.0	0.0	0.0	9.0	8.0	0.0	9.0	5.0	4.0	0.0	7.0	4.0	2.0	1.0	5.0
XP_027431653.1 (+2)	0.0	0.0	0.0	0.0	0.0	0.0	1.0	0.0	1.0	0.0	8.0	2.0	2.0	0.0	26.0	16.0	0.0	0.0	0.0
XP_027437113.1	5.0	9.0	6.0	6.0	6.0	3.0	4.0	2.0	0.0	0.0	2.0	3.0	1.0	0.0	0.0	3.0	2.0	2.0	2.0
XP_027450775.1 (+1)	5.0	3.0	4.0	3.0	7.0	5.0	2.0	2.0	4.0	0.0	2.0	5.0	2.0	0.0	1.0	5.0	3.0	2.0	1.0
XP_027459865.1	1.0	0.0	0.0	2.0	2.0	3.0	4.0	2.0	1.0	2.0	7.0	3.0	5.0	5.0	4.0	1.0	3.0	5.0	6.0
XP_027465845.1	4.0	8.0	4.0	5.0	4.0	6.0	3.0	2.0	2.0	0.0	3.0	3.0	0.0	0.0	2.0	4.0	2.0	1.0	3.0
XP_027466757.1	0.0	0.0	0.0	0.0	2.0	0.0	0.0	0.0	11.0	0.0	14.0	3.0	5.0	0.0	8.0	10.0	0.0	0.0	3.0
XP_027468217.1	1.0	6.0	4.0	3.0	1.0	2.0	1.0	1.0	4.0	0.0	3.0	8.0	5.0	0.0	5.0	7.0	0.0	1.0	4.0
XP_027475616.1	1.0	3.0	1.0	4.0	2.0	1.0	4.0	3.0	7.0	1.0	7.0	7.0	1.0	2.0	2.0	1.0	6.0	1.0	2.0
XP_027481150.1	2.0	2.0	0.0	0.0	4.0	4.0	2.0	5.0	5.0	2.0	4.0	3.0	4.0	1.0	7.0	5.0	2.0	2.0	2.0
XP_027435469.1 (+3)	3.0	2.0	7.0	1.0	1.0	3.0	14.0	14.0	0.0	0.0	2.0	4.0	0.0	1.0	0.0	2.0	0.0	0.0	1.0
XP_027445314.1	0.0	0.0	3.0	3.0	1.0	5.0	1.0	1.0	10.0	0.0	5.0	3.0	1.0	0.0	7.0	10.0	2.0	0.0	3.0
XP_027463138.1	0.0	0.0	0.0	0.0	2.0	1.0	0.0	2.0	10.0	0.0	21.0	6.0	4.0	0.0	5.0	4.0	0.0	0.0	0.0
XP_027464114.1 (+1)	7.0	8.0	2.0	3.0	3.0	2.0	2.0	1.0	5.0	0.0	11.0	2.0	4.0	0.0	1.0	4.0	0.0	0.0	0.0
XP_027468054.1	1.0	0.0	0.0	0.0	0.0	0.0	0.0	0.0	10.0	1.0	14.0	3.0	5.0	0.0	5.0	11.0	4.0	0.0	1.0
XP_027480285.1 (+4)	1.0	1.0	0.0	0.0	3.0	5.0	2.0	3.0	5.0	0.0	6.0	7.0	4.0	2.0	7.0	2.0	3.0	2.0	2.0
XP_027481784.1	1.1	1.0	0.0	0.0	8.3	1.1	2.1	4.1	7.3	2.0	3.3	4.4	4.9	3.3	2.5	4.2	2.2	1.2	2.2
XP_027439754.1 (+8)	4.0	4.0	3.0	6.0	6.0	3.0	4.0	3.0	3.0	0.0	6.0	1.0	3.0	0.0	3.0	3.0	0.0	0.0	2.0
XP_027442868.1	1.0	5.0	6.0	4.0	3.0	4.0	3.0	3.0	1.0	0.0	5.0	1.0	5.0	1.0	5.0	3.0	2.0	0.0	2.0
XP_027476734.1	0.0	0.0	0.0	0.0	0.0	0.0	0.0	0.0	8.0	3.0	13.0	4.0	9.0	0.0	5.0	7.0	1.0	0.0	4.0
XP_027479341.1	0.0	0.0	0.0	0.0	0.0	0.0	0.0	1.0	12.0	4.0	10.0	0.0	4.0	2.0	6.0	10.0	1.0	1.0	3.0
XP_027482242.1	3.0	4.0	4.0	5.0	7.0	10.0	5.0	7.0	1.0	0.0	2.0	0.0	0.0	0.0	2.0	4.0	0.0	0.0	0.0
XP_027435379.1	0.0	0.0	0.0	0.0	1.0	2.0	0.0	0.0	4.7	0.0	11.4	6.7	3.0	0.0	12.0	10.5	1.0	0.0	1.0
XP_027438174.1	0.0	0.0	0.0	1.0	1.0	3.0	2.0	3.0	15.0	0.0	6.0	2.0	2.0	0.0	10.0	8.0	0.0	0.0	0.0
XP_027463611.1 (+5)	7.0	9.0	0.0	0.0	12.0	8.0	0.0	3.0	0.0	0.0	2.0	3.0	0.0	0.0	0.0	1.0	8.0	0.0	0.0
XP_027478609.1	1.0	6.0	7.0	3.0	1.0	1.0	1.0	1.0	6.0	1.0	9.0	3.0	2.0	3.0	4.0	2.0	1.0	0.0	1.0
XP_027458047.1 (+1)	0.5	2.8	1.0	1.5	1.0	0.0	0.0	1.0	7.0	2.5	9.0	10.3	9.6	0.5	0.5	0.0	1.5	3.0	1.0
XP_027435318.1	5.0	1.0	7.0	4.0	9.0	2.0	0.0	1.0	3.0	6.0	0.0	4.0	1.0	0.0	4.0	0.0	0.0	4.0	1.0
XP_027442913.1 (+1)	3.0	7.0	8.0	8.0	7.0	4.0	4.0	3.0	0.0	0.0	2.0	0.0	2.0	0.0	0.0	2.0	0.0	0.0	2.0
XP_027456946.1 (+13)	0.0	0.0	2.0	0.0	4.0	8.0	3.0	8.0	3.0	0.0	5.0	2.0	2.0	0.0	5.0	6.0	1.0	0.0	3.0
XP_027462720.1 (+1)	2.0	5.0	7.0	11.0	11.0	6.0	4.0	3.0	0.0	0.0	3.0	0.0	0.0	0.0	0.0	0.0	0.0	0.0	0.0
XP_027462898.1	6.0	0.0	4.0	5.0	6.0	4.0	8.0	1.0	2.0	0.0	2.0	2.0	3.0	2.0	3.0	2.0	1.0	0.0	1.0
XP_027472514.1	0.0	0.0	0.0	0.0	0.0	0.0	0.0	0.0	16.0	0.0	17.0	3.0	4.0	0.0	3.0	9.0	0.0	0.0	0.0
XP_027443517.1_family	2.0	1.0	0.0	0.0	1.0	2.0	3.0	8.0	4.0	0.0	8.0	3.0	1.0	0.0	8.0	7.0	1.0	1.0	2.0
XP_027470236.1_family	0.0	0.0	0.0	0.0	0.0	0.0	0.0	0.0	8.0	0.0	10.0	5.0	15.0	3.0	1.0	6.0	2.0	0.0	2.0
XP_027428110.1	1.0	1.0	1.0	0.0	2.0	8.0	1.0	12.0	4.0	0.0	5.0	4.6	6.0	0.0	2.0	3.0	0.0	0.0	1.0
XP_027433851.1	0.0	7.2	0.0	2.8	16.9	15.7	3.0	4.3	0.0	0.0	0.0	0.0	1.5	0.0	0.0	0.0	0.0	0.0	0.0
XP_027439097.1	1.2	0.2	0.0	0.4	0.2	0.2	0.7	0.6	8.5	1.1	7.3	5.2	6.5	1.0	9.2	5.4	1.0	0.2	2.2
XP_027446784.1 (+1)	3.0	0.0	0.5	0.0	0.0	1.0	0.5	0.5	6.0	2.0	12.5	0.0	1.5	0.0	7.0	5.0	3.0	1.5	7.0
XP_027424781.1 (+1)	4.0	6.0	4.0	5.0	5.0	6.0	5.0	2.0	1.0	0.0	1.0	3.0	2.0	0.0	2.0	3.0	1.0	0.0	1.0
XP_027430200.1	4.0	5.0	5.0	7.0	10.0	9.0	4.0	3.0	0.0	0.0	1.0	1.0	0.0	1.0	0.0	1.0	0.0	0.0	0.0
XP_027455618.1	0.0	1.0	0.0	0.0	1.0	4.0	4.0	3.0	9.0	1.0	9.0	8.0	4.0	4.0	2.0	0.0	1.0	0.0	0.0
XP_027459676.1 (+2)	0.0	6.0	2.0	6.0	15.0	10.0	6.0	4.0	0.0	0.0	2.0	0.0	0.0	0.0	0.0	0.0	0.0	0.0	0.0
XP_027462919.1 (+1)	1.0	0.0	0.0	0.0	0.0	3.0	1.0	2.0	5.0	3.0	9.0	4.0	6.0	4.0	4.0	4.0	0.0	0.0	5.0
XP_027473155.1	1.0	1.0	0.0	0.0	4.0	0.0	0.0	3.0	5.0	0.0	10.0	3.0	6.0	9.0	7.0	1.0	0.0	0.0	1.0
XP_027477780.1	5.0	1.0	3.0	0.0	1.0	7.0	2.0	3.0	1.0	0.0	4.0	4.0	1.0	3.0	4.0	4.0	5.0	1.0	2.0
XP_027436515.1	2.0	0.0	0.0	0.0	0.0	0.0	0.0	0.0	4.0	3.0	8.0	4.0	3.0	0.5	6.0	9.0	2.0	6.0	3.0
XP_027449182.1	5.0	6.0	15.0	7.0	3.0	3.1	4.0	2.0	0.0	0.0	0.0	1.0	0.0	0.0	0.0	4.1	0.0	0.0	0.0
XP_027432027.1	0.0	10.0	3.0	0.0	9.0	3.0	3.0	6.0	4.0	0.0	4.0	0.0	0.0	1.0	0.0	4.0	3.0	0.0	0.0
XP_027438969.1	3.0	3.0	2.0	3.0	8.0	6.0	5.0	9.0	0.0	0.0	0.0	3.0	0.0	0.0	0.0	4.0	1.0	0.0	3.0
XP_027449708.1	1.0	0.0	0.0	0.0	0.0	0.0	0.0	0.0	7.0	2.0	9.0	4.0	5.0	2.0	10.0	4.0	1.0	2.0	3.0
XP_027456178.1 (+1)	0.0	0.0	0.0	0.0	0.0	0.0	5.0	1.0	2.0	0.0	8.0	4.0	1.0	0.0	17.0	9.0	1.0	0.0	2.0
XP_027458632.1	0.0	0.0	0.0	0.0	0.0	0.0	0.0	0.0	12.0	0.0	12.0	2.0	10.0	2.0	5.0	4.0	1.0	0.0	2.0
XP_027460745.1	2.0	5.0	6.0	5.0	6.0	5.0	4.0	2.0	1.0	0.0	5.0	3.0	2.0	0.0	0.0	2.0	1.0	0.0	1.0
XP_027470637.1	0.0	0.0	0.0	1.0	1.0	0.0	0.0	0.0	9.0	0.0	1.0	10.0	15.0	0.0	0.0	5.0	7.0	1.0	0.0
XP_027477621.1 (+1)	2.0	6.0	5.0	5.0	3.0	3.0	4.0	0.0	3.0	0.0	6.0	3.0	5.0	0.0	1.0	3.0	0.0	0.0	1.0
XP_027479911.1	3.0	5.0	8.0	4.0	6.0	8.0	6.0	4.0	0.0	0.0	1.0	3.0	0.0	0.0	0.0	1.0	1.0	0.0	0.0
XP_027423426.1	9.0	4.0	8.0	7.0	7.0	3.0	3.0	5.0	0.0	0.0	0.0	1.0	0.0	0.0	1.0	1.0	0.0	0.0	0.0
XP_027425320.1 (+1)	4.0	5.0	3.0	2.0	3.0	2.0	3.0	3.0	3.0	0.0	7.0	4.0	2.0	0.0	2.0	3.0	1.0	1.0	1.0
XP_027444172.1	0.0	0.0	0.0	0.0	0.0	0.0	1.0	7.0	7.0	1.0	10.0	1.0	4.0	0.0	7.0	8.0	1.0	0.0	2.0
XP_027470645.1	5.0	7.0	2.0	3.0	4.0	5.0	6.0	3.0	4.0	0.0	2.0	2.0	1.0	1.0	0.0	3.0	1.0	0.0	0.0
XP_027471762.1	3.0	4.0	0.0	0.0	5.0	4.0	0.0	11.0	6.0	0.0	1.0	0.0	3.0	1.0	4.0	2.0	0.0	1.0	4.0
XP_027476413.1	0.0	0.0	0.0	0.0	0.0	0.0	0.0	2.0	5.0	0.0	11.0	11.0	6.0	0.0	6.0	8.0	0.0	0.0	0.0
XP_027446009.1	0.0	3.0	0.0	1.0	1.0	0.0	0.0	0.0	8.7	1.0	5.5	11.8	7.0	0.0	7.7	1.2	0.0	0.0	1.0
XP_027464627.1	0.5	2.0	0.0	0.0	3.5	3.3	2.0	8.3	9.4	0.0	7.1	5.5	4.7	1.5	0.0	1.0	0.0	0.0	0.0
XP_027457487.1	3.0	0.0	1.0	0.0	0.0	0.0	1.0	2.0	5.0	0.0	9.3	7.0	7.4	1.0	5.0	4.0	2.0	0.0	1.0
XP_027450065.1 (+1)	3.4	3.0	2.0	2.9	5.8	2.0	2.0	2.0	4.4	1.0	6.3	4.9	2.0	1.0	2.0	1.0	2.0	0.0	1.0
XP_027435156.1	0.0	2.0	0.0	0.0	7.0	3.0	0.0	7.0	6.0	0.0	4.0	7.0	7.0	0.0	2.0	3.0	0.0	0.0	0.0
XP_027438106.1 (+3)	2.0	2.0	3.0	3.0	5.0	2.0	5.0	3.0	2.0	0.0	5.0	2.0	2.0	0.0	4.0	4.0	2.0	0.0	2.0
XP_027441182.1	3.0	6.0	2.0	2.0	11.0	13.0	6.0	5.0	0.0	0.0	0.0	0.0	0.0	0.0	0.0	0.0	0.0	0.0	0.0
XP_027473987.1 (+1)	2.0	1.0	1.0	1.0	2.0	0.0	0.0	15.0	2.0	0.0	5.0	8.0	2.0	2.0	2.0	4.0	0.0	1.0	0.0
XP_027476294.1 (+1)	2.0	5.0	4.0	5.0	8.0	11.0	6.0	6.0	0.0	0.0	0.0	0.0	0.0	0.0	0.0	0.0	0.0	0.0	1.0
XP_027482148.1	3.0	5.0	0.0	0.0	11.0	8.0	2.0	3.0	6.0	0.0	5.0	3.0	0.0	1.0	0.0	0.0	1.0	0.0	0.0
